Lower Arm R
-0.0148834 -0.327094 -0.944875 0.327094 0.891393 -0.313732 0.944875 -0.313732 0.0937236 43.3573 -12.3442 -85.718 
-0.797034 -0.327876 -0.507182 0.603094 -0.387846 -0.697031 0.031832 -0.861436 0.506866 100.034 -143.154 573.054 
-0.792502 -0.323994 -0.516691 0.608933 -0.373443 -0.699815 0.0337813 -0.869234 0.493244 100.606 -143.033 572.63 
-0.793247 -0.32225 -0.516637 0.608192 -0.378434 -0.697775 0.0293449 -0.867722 0.496182 100.443 -142.963 572.848 
-0.792188 -0.334175 -0.510652 0.609607 -0.394138 -0.687775 0.02857 -0.856144 0.515946 100.5 -144.397 572.706 
-0.7854 -0.33269 -0.521981 0.618739 -0.39803 -0.677299 0.0175672 -0.854921 0.518461 101.134 -146.206 572.737 
-0.799126 -0.311346 -0.514258 0.60095 -0.390956 -0.697146 0.0160017 -0.866151 0.499526 98.6442 -141.959 572.466 
-0.78149 -0.339469 -0.523484 0.623917 -0.423644 -0.656698 0.00115777 -0.839813 0.542874 97.2761 -145.246 572.917 
-0.790061 -0.318047 -0.524072 0.613019 -0.414706 -0.672478 -0.00345625 -0.852564 0.522612 99.7123 -143.869 571.772 
-0.781268 -0.311204 -0.541085 0.623715 -0.423221 -0.657162 -0.0244866 -0.850903 0.524752 98.8384 -145.045 571.786 
-0.777196 -0.297559 -0.554459 0.627798 -0.426656 -0.651026 -0.0428441 -0.854063 0.518402 99.0573 -144.971 571.367 
-0.782765 -0.293158 -0.548943 0.618648 -0.462221 -0.635316 -0.0674845 -0.836905 0.543172 98.9284 -145.401 571.234 
-0.771784 -0.27769 -0.572048 0.627103 -0.481374 -0.612389 -0.105314 -0.831364 0.545657 97.089 -146.006 571.354 
-0.772792 -0.275962 -0.571522 0.621954 -0.508585 -0.595412 -0.126356 -0.81559 0.564666 95.0354 -145.472 571.196 
-0.772994 -0.264438 -0.576675 0.617814 -0.520344 -0.589532 -0.144174 -0.811982 0.565596 93.6075 -145.147 571.188 
-0.767431 -0.251955 -0.589549 0.619254 -0.529462 -0.579823 -0.166054 -0.810055 0.562349 92.5657 -145.292 571.558 
-0.763014 -0.244188 -0.598484 0.619379 -0.541032 -0.568906 -0.184879 -0.804771 0.564059 90.6423 -144.891 571.999 
-0.763929 -0.243741 -0.597498 0.616789 -0.547984 -0.565052 -0.189693 -0.80019 0.568958 89.153 -144.028 572.144 
-0.755422 -0.245525 -0.6075 0.623919 -0.55275 -0.552442 -0.200157 -0.796357 0.570747 87.6103 -143.932 572.998 
-0.745555 -0.236903 -0.622916 0.628042 -0.562453 -0.537783 -0.222958 -0.792164 0.568124 86.5318 -143.335 574.135 
-0.744276 -0.238264 -0.623926 0.623169 -0.583783 -0.520439 -0.240236 -0.776162 0.582974 85.1889 -141.989 575.221 
-0.746142 -0.235915 -0.622588 0.619151 -0.58969 -0.518574 -0.244794 -0.772405 0.586059 84.2374 -141.034 575.602 
-0.7373 -0.233971 -0.633756 0.625576 -0.590607 -0.509743 -0.255035 -0.772296 0.581821 82.4073 -140.305 576.636 
-0.732439 -0.228032 -0.641511 0.626139 -0.59563 -0.503165 -0.267365 -0.770212 0.579041 81.2374 -139.087 577.547 
-0.732416 -0.226961 -0.641916 0.624489 -0.599553 -0.50055 -0.271257 -0.76748 0.580856 80.6376 -137.978 578.083 
-0.734337 -0.222941 -0.64113 0.622498 -0.59778 -0.50513 -0.27064 -0.770037 0.577752 80.2196 -136.708 578.163 
-0.728645 -0.228661 -0.645594 0.629256 -0.595655 -0.499232 -0.270396 -0.770006 0.577907 79.203 -136.124 578.307 
-0.729246 -0.231053 -0.644062 0.627121 -0.602211 -0.494026 -0.273714 -0.764171 0.584058 78.3434 -134.482 578.308 
-0.728463 -0.23165 -0.644733 0.626586 -0.605804 -0.490297 -0.277004 -0.761144 0.586454 78.0079 -133.762 578.34 
-0.723718 -0.238158 -0.647698 0.632841 -0.603347 -0.485268 -0.275216 -0.761087 0.587369 77.2554 -133.103 578.027 
-0.727976 -0.224633 -0.64776 0.624237 -0.607864 -0.490744 -0.283512 -0.761605 0.582734 77.6976 -131.366 578.199 
-0.726816 -0.231199 -0.64675 0.624647 -0.61403 -0.482476 -0.285575 -0.754661 0.590705 77.6631 -131.261 578.229 
-0.720485 -0.239621 -0.650756 0.630823 -0.616233 -0.471507 -0.288034 -0.750226 0.595145 77.5412 -131.366 578.422 
-0.71353 -0.242995 -0.657137 0.638898 -0.610612 -0.467934 -0.28755 -0.753728 0.590939 76.9427 -131.614 578.338 
-0.718081 -0.234998 -0.655084 0.631158 -0.616514 -0.470692 -0.293256 -0.751456 0.591028 77.8538 -130.648 578.876 
-0.71831 -0.24388 -0.651578 0.631737 -0.620965 -0.464016 -0.291442 -0.744933 0.600113 77.5069 -130.381 578.879 
-0.718088 -0.247042 -0.650631 0.633222 -0.61981 -0.463535 -0.288755 -0.744853 0.60151 77.2546 -129.827 578.816 
-0.714034 -0.258381 -0.650688 0.63949 -0.619004 -0.455946 -0.28497 -0.741669 0.607222 76.9501 -129.861 579.004 
-0.720098 -0.252663 -0.646236 0.634906 -0.615648 -0.466769 -0.279918 -0.746418 0.603743 76.6117 -128.583 578.695 
-0.724958 -0.243585 -0.644285 0.628825 -0.615783 -0.474753 -0.281096 -0.749318 0.599589 77.1936 -128.37 578.929 
-0.711386 -0.251024 -0.656443 0.64128 -0.614017 -0.460155 -0.287557 -0.748312 0.597779 77.3042 -130.397 579.776 
-0.714935 -0.240222 -0.656629 0.637205 -0.610437 -0.470464 -0.287815 -0.754758 0.589493 77.5187 -129.592 579.642 
-0.718591 -0.235174 -0.654462 0.63323 -0.610303 -0.475973 -0.287483 -0.756455 0.587477 77.039 -129.113 579.328 
-0.720671 -0.23649 -0.651696 0.632495 -0.609185 -0.478376 -0.283872 -0.756945 0.5886 77.3711 -129.263 579.062 
-0.720309 -0.233266 -0.653255 0.63542 -0.599603 -0.486536 -0.278201 -0.765548 0.580121 77.5665 -128.825 578.656 
-0.728651 -0.232344 -0.64427 0.628088 -0.601771 -0.493332 -0.27308 -0.764125 0.584413 77.7857 -128.475 578.643 
-0.729119 -0.236599 -0.642189 0.629301 -0.600602 -0.49321 -0.269006 -0.763739 0.586803 77.4037 -128.749 578.816 
-0.729864 -0.243898 -0.638602 0.6291 -0.605148 -0.487882 -0.267455 -0.757832 0.595112 77.4492 -129.767 579.362 
-0.729927 -0.244362 -0.638353 0.629866 -0.603184 -0.489324 -0.265471 -0.759247 0.594195 77.8563 -130.785 579.841 
-0.74071 -0.245527 -0.625352 0.617949 -0.614224 -0.490784 -0.263605 -0.749964 0.606685 77.9576 -131.055 580.442 
-0.744944 -0.25432 -0.61675 0.615085 -0.619802 -0.487355 -0.258318 -0.742406 0.618146 77.8532 -132.67 580.84 
-0.745241 -0.248782 -0.618647 0.616255 -0.611297 -0.496534 -0.254648 -0.751282 0.608876 77.6213 -133.721 580.99 
-0.747095 -0.257846 -0.612671 0.615028 -0.617796 -0.489967 -0.252169 -0.742861 0.620135 77.641 -136.437 581.509 
-0.751443 -0.262594 -0.605292 0.610512 -0.624631 -0.486941 -0.250216 -0.735446 0.629691 77.9857 -138.729 581.747 
-0.752415 -0.257809 -0.606141 0.611331 -0.615942 -0.49688 -0.245247 -0.744412 0.62105 77.8776 -140.244 581.425 
-0.749461 -0.269893 -0.604538 0.615662 -0.619901 -0.4865 -0.24345 -0.736804 0.630755 77.608 -143.49 581.734 
-0.755825 -0.265096 -0.598709 0.608801 -0.6211 -0.493555 -0.241018 -0.737535 0.630834 78.0262 -145.4 581.74 
-0.764024 -0.264831 -0.58833 0.601575 -0.621982 -0.501245 -0.233185 -0.736887 0.634525 78.1864 -147.352 581.2 
-0.766294 -0.281716 -0.577434 0.602679 -0.626629 -0.494079 -0.222646 -0.726617 0.649966 77.6454 -150.004 580.772 
-0.758932 -0.297297 -0.579342 0.61191 -0.629861 -0.478374 -0.222686 -0.717558 0.65994 77.483 -154.134 581.283 
-0.769405 -0.296738 -0.565653 0.602205 -0.632253 -0.487447 -0.212992 -0.715683 0.665156 78.1546 -156.139 580.749 
-0.771077 -0.301092 -0.561056 0.602688 -0.62941 -0.49052 -0.205442 -0.716371 0.666788 77.6717 -158.568 580.537 
-0.759943 -0.336543 -0.55608 0.617252 -0.641742 -0.455156 -0.20368 -0.689134 0.695419 76.8609 -163.912 581.159 
-0.771722 -0.335121 -0.540499 0.610289 -0.629281 -0.481199 -0.178865 -0.701213 0.69015 75.8157 -164.417 579.387 
-0.773293 -0.354129 -0.525938 0.610823 -0.638529 -0.468162 -0.170037 -0.683281 0.71008 74.9183 -168.352 579.506 
-0.761992 -0.385717 -0.520184 0.626375 -0.642896 -0.440838 -0.164385 -0.661745 0.731485 72.7947 -173.542 579.946 
-0.770474 -0.392022 -0.502682 0.620447 -0.642185 -0.45016 -0.146342 -0.658723 0.738016 71.842 -174.581 578.968 
-0.775323 -0.411217 -0.479349 0.617674 -0.652023 -0.43971 -0.13173 -0.636999 0.759526 70.7404 -177.841 578.555 
-0.77556 -0.418382 -0.472719 0.619693 -0.647357 -0.443745 -0.120363 -0.637091 0.761333 69.821 -180.267 577.838 
-0.774502 -0.435661 -0.458636 0.623782 -0.646443 -0.439326 -0.105084 -0.626347 0.772429 67.8418 -182.352 576.952 
-0.764585 -0.466763 -0.444458 0.63622 -0.65691 -0.40459 -0.10312 -0.592116 0.799227 66.4212 -186.513 577.162 
-0.768705 -0.47407 -0.429361 0.633666 -0.655726 -0.410476 -0.086948 -0.587606 0.804462 65.5475 -186.824 575.726 
-0.769767 -0.490604 -0.408372 0.635132 -0.652577 -0.413219 -0.0637664 -0.577452 0.81393 63.8051 -186.762 573.926 
-0.760402 -0.509153 -0.403179 0.647504 -0.642408 -0.409941 -0.0502822 -0.572779 0.818166 62.2901 -187.289 572.767 
-0.756029 -0.520165 -0.397301 0.652544 -0.64634 -0.395514 -0.0510588 -0.558276 0.828082 61.2822 -187.733 572.35 
-0.753068 -0.527367 -0.393411 0.6563 -0.644327 -0.392572 -0.0464552 -0.553829 0.831333 60.3906 -186.801 571.352 
-0.746133 -0.544249 -0.383509 0.664632 -0.642924 -0.380676 -0.0393837 -0.538926 0.841431 58.8638 -185.158 570.818 
-0.742455 -0.551998 -0.37955 0.668806 -0.643095 -0.372998 -0.0381924 -0.530779 0.846649 57.6962 -183.364 570.573 
-0.740484 -0.547024 -0.390446 0.670531 -0.640663 -0.374085 -0.0455103 -0.53881 0.841197 57.5949 -180.836 570.662 
-0.73491 -0.551376 -0.394832 0.67608 -0.641287 -0.362858 -0.0531294 -0.533606 0.844063 56.9399 -178.914 571.022 
-0.738524 -0.542272 -0.400655 0.67181 -0.642129 -0.369244 -0.0570416 -0.541859 0.838531 56.7934 -175.796 570.985 
-0.73923 -0.544415 -0.396423 0.670619 -0.649015 -0.359235 -0.0617107 -0.531406 0.844866 55.8656 -173.468 571.384 
-0.733351 -0.545297 -0.406015 0.676578 -0.643905 -0.357252 -0.0666261 -0.536691 0.841144 54.8297 -170.416 571.404 
-0.736949 -0.539097 -0.407775 0.672152 -0.648289 -0.357678 -0.0715327 -0.537677 0.840111 54.744 -167.403 571.322 
-0.733129 -0.541669 -0.411238 0.676423 -0.643469 -0.358328 -0.0705238 -0.540871 0.838143 53.5447 -163.789 570.778 
-0.736699 -0.539452 -0.407757 0.671098 -0.657324 -0.342859 -0.083072 -0.526228 0.846276 53.7343 -161.671 571.277 
-0.734832 -0.5362 -0.415345 0.671142 -0.663264 -0.331133 -0.0979289 -0.522082 0.847254 53.8156 -159.776 571.767 
-0.730544 -0.5381 -0.420421 0.676805 -0.652407 -0.341028 -0.0907776 -0.533679 0.840801 52.8367 -156.928 570.967 
-0.730614 -0.535007 -0.42423 0.676887 -0.649058 -0.3472 -0.0895954 -0.540824 0.83635 53.1904 -153.992 570.87 
-0.736781 -0.529226 -0.420802 0.669522 -0.657872 -0.344883 -0.0943121 -0.535839 0.839036 53.3852 -151.164 571.357 
-0.734241 -0.528578 -0.426023 0.672131 -0.654304 -0.346592 -0.0955474 -0.540825 0.83569 53.2137 -148.635 571.482 
-0.738245 -0.532027 -0.414658 0.667595 -0.664231 -0.336325 -0.0964939 -0.525114 0.845544 53.2923 -146.583 572.207 
-0.739041 -0.53306 -0.411906 0.668531 -0.655653 -0.350977 -0.0829748 -0.534758 0.840921 52.263 -142.709 571.677 
-0.742225 -0.527792 -0.412962 0.664571 -0.659039 -0.352154 -0.0862932 -0.53582 0.839911 51.8769 -140.324 572.331 
-0.735581 -0.540727 -0.408086 0.672545 -0.655161 -0.344163 -0.081263 -0.527616 0.845587 50.4483 -138.493 572.785 
-0.727219 -0.548554 -0.412603 0.68167 -0.647649 -0.340407 -0.08049 -0.528809 0.844915 49.5746 -136.903 573.277 
-0.730254 -0.546732 -0.40965 0.677572 -0.656259 -0.331995 -0.087323 -0.520008 0.849686 49.5643 -135.717 574.491 
-0.735534 -0.537611 -0.412268 0.670327 -0.665744 -0.327789 -0.098242 -0.517454 0.850053 50.331 -134.898 575.589 
-0.739234 -0.538023 -0.405049 0.666499 -0.670667 -0.325554 -0.096497 -0.510625 0.854371 50.1031 -134.449 576.032 
-0.746186 -0.53444 -0.396965 0.65868 -0.679267 -0.323631 -0.0966834 -0.502962 0.858884 50.2328 -133.757 576.483 
-0.745812 -0.537009 -0.394191 0.658814 -0.682211 -0.3171 -0.0986357 -0.496195 0.86259 50.1945 -133.627 576.984 
-0.743803 -0.535155 -0.400459 0.661024 -0.677709 -0.322114 -0.0990131 -0.504302 0.857832 50.1017 -133.418 577.262 
-0.744491 -0.536536 -0.397319 0.660889 -0.676629 -0.324651 -0.0946499 -0.504283 0.858335 50.3258 -133.402 577.165 
-0.745586 -0.536743 -0.394979 0.660539 -0.673721 -0.331343 -0.0882589 -0.507943 0.856857 50.2099 -133.065 576.999 
-0.744179 -0.539334 -0.394104 0.662505 -0.671322 -0.332286 -0.0853569 -0.508375 0.856895 49.706 -132.992 577.018 
-0.743306 -0.545052 -0.387832 0.664563 -0.667959 -0.334942 -0.0764949 -0.506703 0.85872 49.4339 -132.553 576.607 
-0.744655 -0.546806 -0.382744 0.663359 -0.66971 -0.333831 -0.0737858 -0.502485 0.861431 49.6157 -132.517 576.537 
-0.737603 -0.54965 -0.392207 0.670765 -0.663165 -0.332094 -0.0775615 -0.508032 0.857839 48.999 -133.199 576.735 
-0.741252 -0.552858 -0.380649 0.667151 -0.669229 -0.327174 -0.0738599 -0.496468 0.864907 49.2731 -133.649 576.668 
-0.742024 -0.554694 -0.376451 0.665713 -0.67581 -0.316397 -0.0789056 -0.485382 0.870734 49.128 -134.604 577.101 
-0.746441 -0.550882 -0.373303 0.661287 -0.67672 -0.32365 -0.0743285 -0.488446 0.869423 49.3751 -134.626 576.56 
-0.749984 -0.547529 -0.371129 0.657159 -0.680626 -0.323868 -0.0752725 -0.486786 0.870272 49.6434 -135.582 576.539 
-0.754168 -0.544563 -0.366989 0.653243 -0.679242 -0.334521 -0.0671058 -0.492018 0.867995 49.992 -136.77 575.943 
-0.764465 -0.531661 -0.364595 0.641782 -0.681069 -0.352506 -0.0609 -0.503469 0.861864 50.9191 -137.874 575.298 
-0.768707 -0.519792 -0.3727 0.635961 -0.683236 -0.358806 -0.0681375 -0.512839 0.855776 51.1322 -139.405 575.53 
-0.778899 -0.504345 -0.372764 0.621786 -0.698587 -0.354059 -0.08184 -0.507555 0.857724 51.9189 -141.492 576.466 
-0.783027 -0.492144 -0.380346 0.615223 -0.702769 -0.357234 -0.091484 -0.513721 0.853066 52.1401 -143.77 576.744 
-0.79517 -0.470433 -0.38262 0.59678 -0.718989 -0.356242 -0.107511 -0.511612 0.852463 53.7439 -146.074 577.263 
-0.799762 -0.448236 -0.399332 0.588063 -0.718684 -0.371046 -0.120677 -0.53158 0.838367 54.4034 -147.372 577.05 
-0.80387 -0.425453 -0.415672 0.576692 -0.72863 -0.369493 -0.145669 -0.536738 0.831079 55.4643 -149.57 577.57 
-0.805853 -0.405291 -0.431671 0.565228 -0.743735 -0.356898 -0.176401 -0.5316 0.828423 56.9904 -152.949 578.85 
-0.811492 -0.377937 -0.445696 0.552541 -0.744509 -0.374706 -0.190209 -0.550335 0.812989 58.2413 -154.806 578.53 
-0.816254 -0.338469 -0.468155 0.53704 -0.743214 -0.399025 -0.212882 -0.577123 0.788422 59.9505 -155.872 578.643 
-0.816793 -0.305031 -0.489701 0.526677 -0.74071 -0.417085 -0.235502 -0.598586 0.765659 61.9735 -157.716 578.315 
-0.809264 -0.280354 -0.51623 0.530691 -0.72574 -0.437799 -0.251909 -0.628254 0.736097 62.7562 -159.498 577.519 
-0.801455 -0.26492 -0.536179 0.535712 -0.716564 -0.44671 -0.265864 -0.645255 0.716214 64.4471 -161.862 577.044 
-0.793991 -0.246245 -0.555826 0.541905 -0.701063 -0.463518 -0.27553 -0.669233 0.690079 66.3897 -162.866 576.044 
-0.78885 -0.238121 -0.566581 0.543519 -0.70063 -0.462282 -0.286884 -0.672619 0.682115 67.9628 -163.489 575.635 
-0.783763 -0.2213 -0.580296 0.545623 -0.691678 -0.473157 -0.296667 -0.687465 0.662857 69.5671 -163.449 574.765 
-0.776255 -0.227515 -0.587933 0.551464 -0.696964 -0.458398 -0.305476 -0.680057 0.666488 71.3623 -164.591 574.62 
-0.776392 -0.210486 -0.594063 0.54683 -0.69362 -0.468901 -0.313356 -0.688903 0.653621 73.1043 -163.162 573.909 
-0.771393 -0.203749 -0.60286 0.546047 -0.698415 -0.462654 -0.326781 -0.686077 0.650009 74.9362 -162.513 573.907 
-0.770937 -0.19531 -0.606227 0.544532 -0.695828 -0.468303 -0.330365 -0.691142 0.642792 76.125 -160.034 573.241 
-0.768651 -0.185665 -0.612131 0.547152 -0.686553 -0.478821 -0.33136 -0.702975 0.629306 77.0514 -157.894 572.649 
-0.759867 -0.18069 -0.624463 0.557338 -0.675543 -0.482717 -0.334629 -0.714838 0.614028 77.6042 -155.967 572.61 
-0.757614 -0.180816 -0.627158 0.561497 -0.670445 -0.484999 -0.332779 -0.719589 0.609466 78.1347 -153.223 572.492 
-0.755148 -0.174035 -0.632032 0.564227 -0.663412 -0.491459 -0.333766 -0.727733 0.599169 78.9359 -150.13 572.752 
-0.74904 -0.159233 -0.643106 0.570625 -0.648277 -0.504107 -0.33664 -0.744568 0.576447 79.668 -147.426 573.49 
-0.746217 -0.161046 -0.64593 0.572184 -0.651087 -0.49869 -0.340244 -0.741721 0.578 79.6227 -145.337 574.462 
-0.748507 -0.149203 -0.646124 0.565249 -0.653038 -0.504019 -0.346742 -0.742482 0.57314 79.7181 -142.282 574.915 
-0.743413 -0.166528 -0.64777 0.57498 -0.653874 -0.491779 -0.341665 -0.73805 0.581848 77.5403 -140.371 574.468 
-0.737291 -0.158642 -0.656685 0.575227 -0.657169 -0.487076 -0.354282 -0.736859 0.575779 79.0788 -139.807 575.539 
-0.739293 -0.172248 -0.650981 0.578728 -0.656765 -0.48346 -0.344266 -0.73416 0.585226 77.2079 -137.408 574.542 
-0.733614 -0.160293 -0.660392 0.574544 -0.665274 -0.47677 -0.362918 -0.729189 0.580149 78.2184 -136.999 575.892 
-0.736875 -0.15702 -0.657541 0.570257 -0.666754 -0.479839 -0.363074 -0.728549 0.580856 79.3304 -135.896 575.998 
-0.733692 -0.179134 -0.655445 0.58282 -0.661803 -0.471526 -0.349309 -0.727961 0.589962 76.2025 -133.647 574.583 
-0.73326 -0.168309 -0.658788 0.572898 -0.674769 -0.465269 -0.366221 -0.718581 0.591205 78.2339 -133.276 575.937 
-0.735087 -0.160823 -0.658622 0.566605 -0.679189 -0.466542 -0.372298 -0.716127 0.590386 78.9247 -132.33 576.053 
-0.729148 -0.17546 -0.661482 0.570036 -0.690565 -0.445173 -0.378686 -0.701665 0.603542 78.7272 -132.833 576.694 
-0.725081 -0.174069 -0.666302 0.574505 -0.6864 -0.445868 -0.379737 -0.706084 0.597699 78.5348 -132.15 576.445 
-0.729923 -0.166524 -0.662935 0.567741 -0.687791 -0.452342 -0.380635 -0.70655 0.596577 78.5643 -130.73 576.12 
-0.733433 -0.160489 -0.660545 0.560423 -0.692708 -0.453961 -0.384709 -0.703135 0.597997 78.77 -129.864 576.301 
-0.734687 -0.159758 -0.659328 0.559919 -0.691545 -0.456352 -0.383049 -0.704445 0.59752 78.3422 -129.014 576.209 
-0.737358 -0.158401 -0.656669 0.556272 -0.693893 -0.457245 -0.38323 -0.702439 0.599761 78.1233 -128.596 576.534 
-0.729101 -0.177049 -0.661109 0.565356 -0.70021 -0.43598 -0.385725 -0.691635 0.610619 77.7776 -129.648 577.212 
-0.726221 -0.174641 -0.664909 0.564961 -0.702687 -0.432494 -0.391691 -0.689733 0.608971 77.245 -129.644 578.046 
-0.735486 -0.160214 -0.658325 0.556876 -0.696408 -0.452664 -0.385939 -0.699534 0.601417 77.5299 -127.803 577.767 
-0.737076 -0.151163 -0.658688 0.552893 -0.695361 -0.459111 -0.388624 -0.702583 0.59611 77.1491 -126.874 578.05 
-0.730663 -0.156991 -0.664444 0.554433 -0.704357 -0.443267 -0.398416 -0.692268 0.601688 76.8279 -127.606 579.337 
-0.732855 -0.157718 -0.661853 0.553532 -0.703854 -0.445187 -0.395634 -0.692614 0.603125 75.8719 -126.607 579.391 
-0.727709 -0.183586 -0.66086 0.554158 -0.72513 -0.408773 -0.404165 -0.663688 0.629419 75.6833 -128.682 580.968 
-0.729967 -0.162911 -0.663784 0.5505 -0.715741 -0.429726 -0.40509 -0.679099 0.612149 74.7813 -126.872 580.622 
-0.725626 -0.179315 -0.664315 0.556693 -0.72043 -0.413611 -0.404425 -0.669946 0.622585 74.022 -127.852 581 
-0.724241 -0.179694 -0.665722 0.557987 -0.719947 -0.412706 -0.405123 -0.670363 0.621682 73.275 -127.523 581.293 
-0.725281 -0.183894 -0.663438 0.560062 -0.718024 -0.413246 -0.400371 -0.671286 0.623761 72.4772 -127.701 581.144 
-0.725711 -0.184181 -0.662889 0.562208 -0.714124 -0.417072 -0.396568 -0.675354 0.621795 72.0154 -127.468 580.894 
-0.726995 -0.191567 -0.659379 0.563536 -0.715117 -0.413563 -0.392308 -0.672242 0.627841 71.2637 -127.709 580.942 
-0.727697 -0.19226 -0.658402 0.563986 -0.71402 -0.414844 -0.390354 -0.67321 0.628022 70.8225 -127.785 580.962 
-0.72171 -0.219986 -0.656308 0.572813 -0.72212 -0.38785 -0.388612 -0.655857 0.647172 70.3817 -129.947 581.431 
-0.722889 -0.232721 -0.650594 0.57171 -0.730239 -0.374029 -0.388044 -0.642332 0.660931 70.1222 -131.158 581.841 
-0.726762 -0.232333 -0.646405 0.570322 -0.728576 -0.379354 -0.382818 -0.644359 0.662005 69.9823 -132.315 581.596 
-0.731935 -0.234088 -0.639903 0.564745 -0.73386 -0.377509 -0.381228 -0.637693 0.669337 69.8933 -133.854 581.861 
-0.735715 -0.235601 -0.634993 0.564431 -0.731482 -0.382559 -0.374355 -0.639864 0.671142 69.1885 -134.962 581.534 
-0.73912 -0.236559 -0.630667 0.563476 -0.730144 -0.386503 -0.369046 -0.641038 0.672959 69.1111 -137.03 581.414 
-0.749034 -0.228212 -0.621986 0.55537 -0.728186 -0.401634 -0.361263 -0.64627 0.672178 68.4663 -138.459 580.904 
-0.745752 -0.240275 -0.621388 0.560412 -0.730608 -0.390064 -0.360268 -0.639124 0.679505 67.2749 -142.46 581.283 
-0.760504 -0.228924 -0.607641 0.548316 -0.727679 -0.412108 -0.347825 -0.646589 0.678925 67.2188 -143.727 580.227 
-0.760152 -0.258988 -0.595898 0.554317 -0.736958 -0.386815 -0.338971 -0.624354 0.703761 66.0495 -148.296 580.276 
-0.762185 -0.269792 -0.588461 0.551977 -0.745776 -0.373014 -0.338223 -0.609123 0.717338 65.0755 -151.549 580.432 
-0.764369 -0.278117 -0.581715 0.554945 -0.743121 -0.373909 -0.328294 -0.608623 0.722357 64.1111 -154.699 579.564 
-0.776497 -0.287662 -0.560628 0.543668 -0.755641 -0.365283 -0.318554 -0.588437 0.743145 63.2955 -157.586 579.211 
-0.780485 -0.285885 -0.55598 0.543966 -0.748864 -0.378555 -0.30813 -0.59789 0.739988 63.2473 -160.47 577.921 
-0.78271 -0.294911 -0.548081 0.546254 -0.747548 -0.377861 -0.298281 -0.595146 0.746209 61.7415 -163.726 577.062 
-0.786276 -0.308513 -0.535342 0.548337 -0.747742 -0.374444 -0.284776 -0.587963 0.7571 61.201 -167.225 575.937 
-0.784759 -0.329966 -0.524668 0.555838 -0.749196 -0.360208 -0.274222 -0.574306 0.771346 60.2741 -171.879 575.305 
-0.788835 -0.317681 -0.526136 0.553262 -0.739849 -0.382785 -0.267657 -0.593045 0.759379 59.6617 -173.951 573.899 
-0.80068 -0.328398 -0.501066 0.54555 -0.745289 -0.383302 -0.247563 -0.580258 0.775895 58.4726 -175.954 572.309 
-0.794619 -0.350993 -0.495363 0.555925 -0.748578 -0.361357 -0.243984 -0.562526 0.78996 57.2949 -180.588 572.346 
-0.794921 -0.370032 -0.480809 0.560075 -0.75225 -0.347039 -0.233272 -0.545158 0.805224 55.6112 -183.555 571.962 
-0.799871 -0.386656 -0.459025 0.559405 -0.757376 -0.33682 -0.21742 -0.526193 0.8221 54.7168 -185.992 571.525 
-0.80195 -0.397179 -0.446235 0.563056 -0.752126 -0.342453 -0.199609 -0.525885 0.826801 53.2782 -187.818 570.687 
-0.804792 -0.400907 -0.437702 0.561085 -0.75441 -0.340661 -0.193633 -0.519749 0.832086 52.1984 -188.969 570.568 
-0.805572 -0.412098 -0.42571 0.563556 -0.754744 -0.335808 -0.182916 -0.510428 0.840241 50.7726 -189.665 570.013 
-0.803753 -0.426032 -0.415305 0.568627 -0.755443 -0.325529 -0.175053 -0.497798 0.849443 50.122 -190.174 570.149 
-0.801584 -0.438425 -0.406506 0.575454 -0.750228 -0.325594 -0.162223 -0.494916 0.853664 49.2743 -189.723 569.539 
-0.796484 -0.446138 -0.408135 0.582314 -0.747755 -0.319017 -0.162859 -0.491755 0.855368 48.2987 -189.006 569.763 
-0.791882 -0.460436 -0.40115 0.590878 -0.743611 -0.3129 -0.154229 -0.48481 0.860913 47.29 -187.648 569.443 
-0.792775 -0.469866 -0.388244 0.590394 -0.750259 -0.297567 -0.151467 -0.46512 0.872193 47.2685 -186.067 569.94 
-0.789318 -0.477967 -0.385389 0.595361 -0.749244 -0.290136 -0.150075 -0.458455 0.875955 46.2805 -183.538 570.159 
-0.787079 -0.47551 -0.392935 0.597751 -0.745236 -0.295494 -0.152319 -0.467454 0.870796 46.4427 -180.409 570.197 
-0.793992 -0.475538 -0.378736 0.591682 -0.74755 -0.301798 -0.139607 -0.463716 0.874915 46.3547 -176.659 569.747 
-0.789593 -0.483799 -0.377468 0.59822 -0.74389 -0.297926 -0.136658 -0.461049 0.876789 45.5359 -174.404 569.937 
-0.784347 -0.479705 -0.393298 0.602207 -0.74094 -0.297246 -0.148819 -0.46999 0.870035 45.4666 -172.057 570.479 
-0.788261 -0.477369 -0.388283 0.599427 -0.73828 -0.309242 -0.139038 -0.47651 0.868105 45.8054 -168.674 570.054 
-0.778513 -0.48982 -0.39242 0.61399 -0.724005 -0.314377 -0.130126 -0.485689 0.864392 44.5313 -166.403 569.798 
-0.776547 -0.489869 -0.396236 0.614594 -0.727425 -0.305168 -0.13874 -0.480501 0.86595 44.4244 -164.011 570.616 
-0.777048 -0.495564 -0.388089 0.615295 -0.728009 -0.302348 -0.132699 -0.473728 0.870616 43.736 -161.157 570.919 
-0.779169 -0.501467 -0.376068 0.614622 -0.728987 -0.301359 -0.123027 -0.465949 0.876217 43.4124 -158.395 571.057 
-0.777634 -0.502716 -0.377575 0.615256 -0.732082 -0.29243 -0.129406 -0.459708 0.878591 43.0795 -156.512 572.078 
-0.77244 -0.510814 -0.377368 0.622583 -0.726391 -0.291114 -0.125411 -0.45981 0.879117 41.8822 -154.013 572.573 
-0.769786 -0.519415 -0.370995 0.625567 -0.729432 -0.276758 -0.126862 -0.445126 0.886436 41.0701 -152.468 573.519 
-0.774732 -0.519421 -0.360544 0.61872 -0.740279 -0.263008 -0.130291 -0.426836 0.894894 40.5022 -149.952 574.425 
-0.773498 -0.522207 -0.359166 0.61918 -0.743619 -0.252283 -0.135339 -0.417529 0.898528 39.7206 -148.495 575.213 
-0.770741 -0.529491 -0.354399 0.625763 -0.73375 -0.264636 -0.119917 -0.425735 0.896866 38.936 -145.92 574.608 
-0.764952 -0.534122 -0.359948 0.632542 -0.728318 -0.263521 -0.121403 -0.429263 0.894983 38.6292 -144.395 574.746 
-0.768344 -0.533791 -0.35315 0.629017 -0.731713 -0.26255 -0.118257 -0.423866 0.897971 38.9318 -141.993 574.571 
-0.766225 -0.533795 -0.357719 0.631306 -0.729145 -0.264198 -0.1198 -0.428265 0.895677 38.4405 -139.777 574.757 
-0.760658 -0.532954 -0.37062 0.636236 -0.725398 -0.26268 -0.128851 -0.435611 0.890865 38.3508 -137.947 575.073 
-0.760878 -0.534687 -0.367662 0.636626 -0.724766 -0.263481 -0.125588 -0.434539 0.891854 38.3241 -135.866 574.853 
-0.766066 -0.528987 -0.365125 0.63055 -0.728692 -0.267236 -0.124699 -0.434949 0.891778 38.6427 -133.752 574.843 
-0.766086 -0.528313 -0.366058 0.62887 -0.733783 -0.257069 -0.132793 -0.42714 0.894381 38.5583 -133.091 575.457 
-0.763936 -0.531237 -0.36632 0.632734 -0.728121 -0.263606 -0.126688 -0.433161 0.892369 38.4772 -132.862 574.839 
-0.765122 -0.532007 -0.362707 0.632838 -0.725232 -0.27121 -0.118761 -0.437043 0.891565 39.116 -132.082 573.954 
-0.769448 -0.523899 -0.36535 0.627122 -0.728151 -0.276611 -0.121113 -0.441956 0.888823 39.5359 -131.453 573.702 
-0.771215 -0.521695 -0.364777 0.62505 -0.72914 -0.278689 -0.120582 -0.442933 0.888409 40.3455 -131.404 573.295 
-0.771265 -0.518845 -0.368715 0.624318 -0.729491 -0.279409 -0.124004 -0.445693 0.886555 40.5071 -131.389 573.336 
-0.770097 -0.521435 -0.3675 0.626714 -0.725942 -0.283264 -0.11908 -0.448458 0.885836 40.2762 -130.964 572.743 
-0.760818 -0.537055 -0.364318 0.640605 -0.711326 -0.289206 -0.103829 -0.453417 0.88523 38.8857 -131.072 571.792 
-0.760582 -0.538763 -0.362284 0.640717 -0.712999 -0.284805 -0.104865 -0.448738 0.887489 39.6578 -131.456 571.948 
-0.770275 -0.528376 -0.357066 0.628831 -0.722442 -0.287487 -0.106058 -0.445978 0.888738 40.8868 -131.288 571.804 
-0.76947 -0.532681 -0.352374 0.629872 -0.724237 -0.280611 -0.105726 -0.437872 0.892799 40.8122 -131.631 571.808 
-0.771011 -0.535438 -0.344743 0.628961 -0.725056 -0.280539 -0.0997463 -0.433128 0.895796 40.5689 -131.309 571.552 
-0.766977 -0.534407 -0.355183 0.633528 -0.718574 -0.286869 -0.10192 -0.44504 0.889692 40.8348 -132.121 571.58 
-0.766524 -0.532769 -0.358606 0.634378 -0.715106 -0.29358 -0.100031 -0.452527 0.886122 41.1269 -132.617 571.592 
-0.765082 -0.537924 -0.353961 0.636445 -0.715279 -0.28864 -0.0979136 -0.44611 0.889606 40.8728 -133.734 572.07 
-0.767374 -0.53933 -0.346786 0.633934 -0.719332 -0.284059 -0.0962525 -0.437819 0.893896 41.4615 -135.264 572.685 
-0.783388 -0.520411 -0.339817 0.614133 -0.732238 -0.294395 -0.0956204 -0.439318 0.893228 42.7174 -135.226 572.776 
-0.786208 -0.509604 -0.349545 0.60981 -0.731369 -0.305338 -0.100045 -0.453215 0.885769 43.2447 -136.194 572.805 
-0.793835 -0.493838 -0.354893 0.598988 -0.735768 -0.316004 -0.105064 -0.463431 0.879882 44.5646 -137.272 572.974 
-0.793588 -0.493435 -0.356005 0.598626 -0.737916 -0.311652 -0.108921 -0.460437 0.880984 44.3542 -139.176 573.427 
-0.797879 -0.485649 -0.357121 0.590129 -0.750177 -0.298299 -0.123034 -0.448754 0.885145 45.7256 -142.455 574.455 
-0.806667 -0.4623 -0.368195 0.576601 -0.752325 -0.318651 -0.129689 -0.469346 0.873438 46.18 -143.928 573.996 
-0.821251 -0.432313 -0.37236 0.553801 -0.76101 -0.337889 -0.137296 -0.483705 0.864395 48.4636 -146.043 573.374 
-0.820492 -0.424735 -0.382613 0.54872 -0.772846 -0.318771 -0.160307 -0.471496 0.867175 49.9052 -151.346 574.492 
-0.836746 -0.380994 -0.39332 0.520514 -0.77646 -0.35521 -0.170064 -0.501949 0.848012 53.2357 -152.651 573.119 
-0.839154 -0.359058 -0.408531 0.513112 -0.771729 -0.3757 -0.180377 -0.524892 0.831837 54.3478 -154.347 571.491 
-0.835105 -0.346887 -0.42693 0.514286 -0.767765 -0.382161 -0.195214 -0.538708 0.819563 56.312 -157.041 570.542 
-0.832459 -0.340951 -0.436766 0.514643 -0.767867 -0.381473 -0.205314 -0.542339 0.814686 58.4202 -158.857 569.501 
-0.830398 -0.32493 -0.452615 0.51152 -0.766626 -0.388112 -0.220877 -0.553809 0.802813 61.3508 -159.717 568.534 
-0.818573 -0.321228 -0.476184 0.518726 -0.769458 -0.372636 -0.246702 -0.552038 0.796487 63.7947 -162.411 568.549 
-0.821739 -0.290639 -0.490178 0.508846 -0.761475 -0.401536 -0.256556 -0.579383 0.773624 66.8741 -160.934 566.669 
-0.820395 -0.259999 -0.509268 0.504089 -0.749269 -0.429524 -0.269902 -0.609095 0.745758 69.6336 -159.242 565.197 
-0.814679 -0.239954 -0.52794 0.500857 -0.750014 -0.431997 -0.292303 -0.616361 0.731203 73.1204 -158.514 565.161 
-0.805544 -0.23185 -0.545293 0.509297 -0.741268 -0.437194 -0.302844 -0.629895 0.715204 75.5542 -157.501 564.726 
-0.800628 -0.219207 -0.557623 0.511944 -0.733816 -0.446574 -0.3113 -0.643011 0.699735 78.1011 -155.894 564.677 
-0.793088 -0.199166 -0.575625 0.516167 -0.721499 -0.46153 -0.323392 -0.663153 0.675015 80.3054 -153.534 564.991 
-0.787969 -0.187393 -0.586506 0.518926 -0.714809 -0.468789 -0.331392 -0.673744 0.66049 82.0099 -150.455 565.422 
-0.783614 -0.17383 -0.596434 0.521909 -0.704969 -0.480239 -0.336987 -0.687605 0.643147 83.7585 -147.214 565.985 
-0.780204 -0.163257 -0.603846 0.524777 -0.696195 -0.489818 -0.340427 -0.699042 0.628847 85.1547 -144.43 566.473 
-0.776003 -0.159462 -0.610239 0.524689 -0.700136 -0.484263 -0.350029 -0.695975 0.626976 85.6741 -142.782 567.567 
-0.774369 -0.1658 -0.610626 0.526484 -0.704119 -0.476478 -0.350953 -0.690454 0.632539 85.7858 -141.433 568.278 
-0.775482 -0.151224 -0.612992 0.522301 -0.699132 -0.488278 -0.354722 -0.698817 0.621149 86.4903 -139.69 569.38 
-0.772239 -0.153158 -0.616595 0.526423 -0.69761 -0.486024 -0.355704 -0.699917 0.619347 86.0134 -138.497 570.223 
-0.776374 -0.15224 -0.61161 0.523248 -0.696655 -0.490799 -0.351362 -0.701067 0.620524 85.7299 -136.176 570.418 
-0.776968 -0.155428 -0.610052 0.522012 -0.700715 -0.486315 -0.351885 -0.696305 0.625568 85.9527 -135.037 571.301 
-0.770514 -0.161134 -0.616721 0.531475 -0.696557 -0.482018 -0.351912 -0.699173 0.622345 85.3282 -134.164 571.916 
-0.770124 -0.157557 -0.618131 0.530092 -0.697104 -0.482751 -0.35484 -0.699444 0.620375 85.3766 -132.67 572.607 
-0.771906 -0.160983 -0.615017 0.530529 -0.69615 -0.483647 -0.350284 -0.699614 0.622768 84.5334 -131.232 572.607 
-0.772126 -0.164971 -0.613683 0.533827 -0.692293 -0.48555 -0.344746 -0.702506 0.622603 84.2153 -129.898 572.598 
-0.765155 -0.175408 -0.619492 0.538476 -0.701812 -0.466373 -0.352961 -0.690429 0.631447 84.0874 -130.222 573.839 
-0.763789 -0.180361 -0.619756 0.537663 -0.709036 -0.456275 -0.357135 -0.681717 0.638527 83.4518 -129.245 574.467 
-0.76581 -0.18308 -0.616456 0.536006 -0.71136 -0.454604 -0.355292 -0.678564 0.642898 82.9103 -127.72 574.482 
-0.765837 -0.185609 -0.615666 0.538335 -0.708712 -0.455985 -0.351695 -0.680644 0.642677 82.2154 -126.663 574.224 
-0.770896 -0.184441 -0.609673 0.528792 -0.718927 -0.451135 -0.355102 -0.670169 0.651749 82.2022 -125.37 574.67 
-0.767726 -0.199388 -0.608968 0.533209 -0.725839 -0.434563 -0.355366 -0.658333 0.66356 80.9592 -125.43 575.241 
-0.77237 -0.186827 -0.607075 0.524792 -0.726129 -0.444219 -0.357822 -0.661689 0.658885 81.1853 -124.45 575.729 
-0.772326 -0.189438 -0.606322 0.525788 -0.726254 -0.442834 -0.356454 -0.660808 0.660509 80.6345 -124.764 576.032 
-0.770861 -0.187065 -0.608917 0.525621 -0.726802 -0.442132 -0.359854 -0.660882 0.658589 80.2794 -124.765 576.611 
-0.77081 -0.188736 -0.608466 0.52384 -0.731321 -0.436762 -0.362551 -0.655399 0.662577 80.0342 -124.894 577.155 
-0.769524 -0.191989 -0.609077 0.524503 -0.734097 -0.431275 -0.364321 -0.651339 0.665603 79.0372 -125.242 577.665 
-0.766901 -0.186207 -0.614158 0.525194 -0.732082 -0.433852 -0.368827 -0.655274 0.659229 78.6891 -125.183 578.254 
-0.764666 -0.194305 -0.614437 0.528113 -0.735344 -0.424696 -0.369301 -0.649242 0.664907 78.0852 -125.843 578.827 
-0.76821 -0.18007 -0.614352 0.52086 -0.733759 -0.436237 -0.372232 -0.655113 0.657472 78.1201 -125.181 579.179 
-0.76857 -0.180116 -0.613888 0.521867 -0.731557 -0.438723 -0.370073 -0.657558 0.656249 76.9639 -125.07 579.088 
-0.770311 -0.18426 -0.610466 0.520347 -0.735008 -0.434744 -0.368591 -0.652542 0.662064 76.4443 -125.288 579.432 
-0.771475 -0.178148 -0.610811 0.517656 -0.733921 -0.439764 -0.369944 -0.655457 0.65842 76.1073 -125.058 579.665 
-0.77559 -0.189126 -0.602239 0.520052 -0.732199 -0.439808 -0.357779 -0.654306 0.666241 75.9589 -125.889 579.063 
-0.774629 -0.191964 -0.602579 0.522127 -0.73175 -0.438093 -0.356839 -0.653981 0.667064 75.0386 -126.767 579.131 
-0.780952 -0.190046 -0.594976 0.514256 -0.736272 -0.439823 -0.354478 -0.64945 0.672725 75.5369 -127.181 579.091 
-0.782625 -0.181603 -0.595415 0.513471 -0.729073 -0.452549 -0.351916 -0.659904 0.663838 75.5131 -128.066 578.886 
-0.781782 -0.204748 -0.588979 0.521096 -0.733275 -0.436768 -0.342456 -0.648371 0.679954 75.4287 -131.071 578.976 
-0.783379 -0.215618 -0.582947 0.522413 -0.736569 -0.429594 -0.336752 -0.641074 0.689653 75.0282 -133.128 578.89 
-0.787636 -0.216534 -0.576838 0.517778 -0.740072 -0.429185 -0.333969 -0.636715 0.695024 74.929 -135.261 579.011 
-0.782741 -0.243525 -0.572724 0.529779 -0.743633 -0.407852 -0.326574 -0.62266 0.711086 73.874 -139.428 579.143 
-0.792445 -0.237815 -0.561672 0.522009 -0.740745 -0.422851 -0.315495 -0.628284 0.711141 73.9602 -140.886 578.276 
-0.794483 -0.241887 -0.557035 0.524373 -0.735908 -0.428338 -0.306317 -0.632401 0.711505 72.6934 -143.118 577.081 
-0.799439 -0.25078 -0.545901 0.523947 -0.735616 -0.429358 -0.293899 -0.629268 0.719475 71.7041 -146.278 575.948 
-0.805533 -0.260731 -0.532106 0.523775 -0.733219 -0.433647 -0.277085 -0.62802 0.727196 70.9556 -149.904 574.86 
-0.811899 -0.27303 -0.516018 0.525135 -0.727717 -0.441203 -0.255053 -0.629192 0.734211 69.5052 -153.163 573.326 
-0.812316 -0.28438 -0.509187 0.527163 -0.731493 -0.432456 -0.249484 -0.619715 0.744117 67.8447 -157.053 572.755 
-0.814548 -0.30659 -0.492458 0.53229 -0.732498 -0.424399 -0.230608 -0.607823 0.759849 66.7422 -161.24 571.549 
-0.814061 -0.326976 -0.479992 0.546031 -0.712472 -0.440719 -0.197876 -0.620862 0.758535 64.4318 -164.398 569.468 
-0.818453 -0.346315 -0.458476 0.545866 -0.717728 -0.432315 -0.179344 -0.604096 0.776469 62.9384 -167.211 568.923 
-0.814076 -0.371091 -0.446736 0.556584 -0.718148 -0.417706 -0.165815 -0.58869 0.79117 60.7373 -170.718 568.7 
-0.815829 -0.384511 -0.431944 0.559971 -0.711789 -0.424014 -0.144414 -0.587799 0.796013 59.3323 -172.5 567.802 
-0.814832 -0.403545 -0.416175 0.56639 -0.707152 -0.423248 -0.123499 -0.580593 0.804773 57.168 -174.428 567.209 
-0.812586 -0.414096 -0.410157 0.569759 -0.71263 -0.409308 -0.122797 -0.566288 0.815008 56.1511 -176.951 567.554 
-0.813232 -0.429687 -0.392459 0.571037 -0.719148 -0.395907 -0.112119 -0.546072 0.830201 54.1473 -178.654 567.725 
-0.809353 -0.440636 -0.388313 0.578451 -0.71252 -0.397127 -0.101692 -0.546036 0.831567 52.5855 -179.866 567.493 
-0.807484 -0.455493 -0.374828 0.583349 -0.710957 -0.392738 -0.0875964 -0.535785 0.839798 50.8554 -180.536 567.266 
-0.803858 -0.465865 -0.36984 0.589802 -0.704867 -0.394076 -0.0771014 -0.534914 0.841381 49.175 -180.171 567.164 
-0.804372 -0.468895 -0.364862 0.588659 -0.712104 -0.382608 -0.0804161 -0.522538 0.848815 48.3151 -179.732 567.908 
-0.799195 -0.478606 -0.363626 0.596391 -0.706759 -0.380539 -0.0748667 -0.520988 0.850274 47.156 -179.15 567.862 
-0.800662 -0.482664 -0.354931 0.594833 -0.711136 -0.374779 -0.0715111 -0.511196 0.856484 46.2785 -177.262 568.319 
-0.799023 -0.487973 -0.351347 0.596732 -0.715394 -0.363488 -0.0739786 -0.500094 0.862805 45.5455 -175.382 568.968 
-0.795809 -0.494287 -0.349811 0.601051 -0.715033 -0.357023 -0.0736542 -0.494376 0.866122 44.5302 -173.281 569.257 
-0.790895 -0.501326 -0.350938 0.608106 -0.708042 -0.359003 -0.0685005 -0.497341 0.864846 43.8413 -170.719 569.55 
-0.792161 -0.499389 -0.350844 0.606586 -0.70765 -0.362332 -0.06733 -0.499842 0.863495 43.4808 -167.583 569.527 
-0.787314 -0.502344 -0.357475 0.612577 -0.703073 -0.361161 -0.0699036 -0.503327 0.861263 42.9026 -165.28 569.969 
-0.792687 -0.500552 -0.347989 0.606491 -0.70535 -0.366948 -0.0617771 -0.501926 0.862701 42.8774 -161.948 569.711 
-0.786387 -0.506042 -0.354283 0.614049 -0.702903 -0.358986 -0.067364 -0.499849 0.863489 41.7643 -160.348 570.65 
-0.789891 -0.506459 -0.34579 0.610015 -0.706716 -0.358377 -0.0628717 -0.494016 0.867177 41.8962 -157.379 570.804 
-0.783616 -0.516158 -0.345727 0.618095 -0.703734 -0.350308 -0.0624849 -0.488199 0.870492 40.2253 -155.475 571.413 
-0.784573 -0.517144 -0.342062 0.616628 -0.708543 -0.343129 -0.0649182 -0.480135 0.874789 39.7213 -153.391 572.086 
-0.783456 -0.519807 -0.340583 0.617819 -0.710628 -0.336613 -0.0670533 -0.474139 0.877892 39.3361 -151.786 572.719 
-0.782665 -0.52051 -0.341328 0.618553 -0.711615 -0.333162 -0.0694794 -0.471883 0.878919 39.1498 -149.598 573.271 
-0.784743 -0.517317 -0.341413 0.616226 -0.710412 -0.339971 -0.066671 -0.477176 0.876275 39.3409 -147.004 573.162 
-0.783564 -0.523874 -0.334041 0.618173 -0.711311 -0.334513 -0.062364 -0.468607 0.881203 38.4612 -145.155 573.423 
-0.779869 -0.526483 -0.338555 0.623122 -0.704278 -0.340163 -0.0593467 -0.476243 0.877308 37.9016 -142.84 573.315 
-0.777748 -0.532101 -0.334631 0.625949 -0.70425 -0.334991 -0.0574145 -0.47 0.880797 37.0594 -140.958 573.632 
-0.774906 -0.535219 -0.336246 0.629437 -0.701982 -0.333211 -0.0576972 -0.469852 0.880857 36.4653 -138.773 573.755 
-0.775502 -0.533507 -0.337589 0.628099 -0.706105 -0.326967 -0.0639337 -0.465602 0.882681 37.0256 -136.803 574.063 
-0.776732 -0.536386 -0.330118 0.627412 -0.704851 -0.330967 -0.0551576 -0.464192 0.884015 36.868 -134.739 573.446 
-0.775255 -0.537669 -0.3315 0.628486 -0.709061 -0.319748 -0.0631345 -0.456229 0.88762 37.0005 -133.14 573.812 
-0.774461 -0.536963 -0.334486 0.629661 -0.705368 -0.325551 -0.061127 -0.462739 0.884384 37.2067 -131.378 573.198 
-0.767083 -0.542796 -0.341988 0.638732 -0.696051 -0.327925 -0.060044 -0.469984 0.88063 37.2904 -130.591 572.953 
-0.768975 -0.54474 -0.334568 0.636676 -0.699764 -0.323996 -0.0576244 -0.462156 0.884924 36.7512 -129.595 572.98 
-0.765493 -0.545951 -0.340525 0.641183 -0.691548 -0.332634 -0.0538872 -0.472968 0.87943 37.0275 -129.425 572.671 
-0.76911 -0.545833 -0.332469 0.637219 -0.69495 -0.33316 -0.0491988 -0.468092 0.882309 37.1773 -128.936 572.692 
-0.76894 -0.547162 -0.330675 0.637337 -0.696773 -0.329103 -0.0503325 -0.463811 0.884503 37.118 -129.065 572.967 
-0.767361 -0.546394 -0.335575 0.639184 -0.693435 -0.332554 -0.0509932 -0.469682 0.881361 37.4696 -129.047 572.878 
-0.768889 -0.54808 -0.329269 0.638121 -0.690128 -0.341358 -0.040146 -0.472579 0.880373 37.5639 -128.561 572.138 
-0.769745 -0.549868 -0.324251 0.63725 -0.691726 -0.339746 -0.037477 -0.468146 0.882856 37.3203 -128.644 572.085 
-0.775472 -0.54137 -0.324903 0.630003 -0.697451 -0.341552 -0.0416974 -0.469554 0.881919 38.4341 -128.375 572.238 
-0.771615 -0.550094 -0.319385 0.635612 -0.686255 -0.353627 -0.0246511 -0.475868 0.879171 37.8509 -128.295 571.269 
-0.76781 -0.556728 -0.317053 0.640377 -0.682063 -0.353139 -0.0196466 -0.474177 0.88021 37.9031 -128.498 571.148 
-0.770766 -0.551911 -0.3183 0.636502 -0.689014 -0.346592 -0.0280248 -0.469739 0.88236 38.8311 -129.282 571.561 
-0.779364 -0.541071 -0.315965 0.625653 -0.699322 -0.345698 -0.0339138 -0.467109 0.883549 39.2892 -129.18 571.797 
-0.785788 -0.535479 -0.309515 0.617897 -0.70166 -0.354789 -0.0271916 -0.470037 0.882228 39.6794 -129.152 571.228 
-0.781991 -0.538848 -0.31326 0.622929 -0.692736 -0.363423 -0.0211761 -0.479332 0.877378 39.7487 -130.225 570.782 
-0.790982 -0.527147 -0.310586 0.611233 -0.703401 -0.362796 -0.0272195 -0.476805 0.878587 40.5902 -131.04 571.147 
-0.799924 -0.514771 -0.308436 0.598654 -0.7202 -0.350607 -0.0416526 -0.465105 0.884275 41.798 -132.477 571.806 
-0.800576 -0.514676 -0.306899 0.596701 -0.731725 -0.329434 -0.0550131 -0.446864 0.892909 41.5249 -134.533 572.625 
-0.800627 -0.508897 -0.31626 0.595406 -0.734764 -0.324982 -0.0669931 -0.448492 0.891272 41.9771 -136.701 573.069 
