Lower Arm R
-0.0148834 -0.327094 -0.944875 0.327094 0.891393 -0.313732 0.944875 -0.313732 0.0937236 43.3573 -12.3442 -85.718 
-0.751801 -0.257049 -0.607225 0.659167 -0.3169 -0.681962 -0.0171314 -0.912962 0.407684 110.689 -111.852 595.219 
-0.757344 -0.249223 -0.603588 0.652201 -0.334851 -0.68008 -0.03262 -0.908714 0.416141 110.651 -111.83 595.171 
-0.756354 -0.239222 -0.608853 0.651541 -0.358719 -0.668441 -0.0585009 -0.902271 0.427182 109.493 -112.157 595.391 
-0.761947 -0.230917 -0.605074 0.642972 -0.381677 -0.66401 -0.0776111 -0.894986 0.439291 108.814 -111.895 595.294 
-0.760273 -0.207658 -0.615519 0.642084 -0.383976 -0.663544 -0.0985535 -0.899689 0.425261 110.664 -112.715 595.495 
-0.75995 -0.194982 -0.620047 0.639395 -0.395724 -0.659224 -0.11683 -0.897432 0.425401 110.957 -113.434 595.819 
-0.761926 -0.18324 -0.621203 0.632582 -0.416335 -0.653074 -0.138959 -0.890555 0.433131 110.885 -114.025 596.695 
-0.757823 -0.170533 -0.629781 0.633398 -0.423903 -0.64739 -0.156564 -0.889508 0.429259 110.591 -113.811 597.261 
-0.757 -0.155506 -0.634641 0.630315 -0.429762 -0.646535 -0.172204 -0.88945 0.423348 110.717 -113.848 597.638 
-0.753964 -0.146996 -0.640259 0.631364 -0.431334 -0.644461 -0.181432 -0.890136 0.418019 110.629 -113.421 597.884 
-0.754178 -0.137892 -0.642029 0.625745 -0.447413 -0.638956 -0.199145 -0.883632 0.423715 110.647 -113.331 598.467 
-0.749882 -0.124846 -0.649686 0.624836 -0.456341 -0.633508 -0.217386 -0.881003 0.42021 110.345 -112.919 599.076 
-0.751555 -0.11535 -0.649508 0.617825 -0.468174 -0.631748 -0.23121 -0.876074 0.423125 110.568 -112.461 599.514 
-0.748453 -0.102518 -0.655217 0.616274 -0.472499 -0.63004 -0.244999 -0.875348 0.416823 110.66 -112.341 600.168 
-0.744628 -0.101591 -0.659705 0.615564 -0.486677 -0.61986 -0.25809 -0.867654 0.424929 110.055 -112.2 600.719 
-0.743206 -0.0991386 -0.661678 0.612324 -0.499345 -0.612955 -0.269638 -0.860712 0.431821 109.59 -112.073 601.268 
-0.740897 -0.0956054 -0.66478 0.611335 -0.505863 -0.608582 -0.278103 -0.857299 0.433239 108.904 -111.586 601.647 
-0.734625 -0.089801 -0.672505 0.613838 -0.5102 -0.60241 -0.289015 -0.855354 0.429929 107.927 -111.026 602.147 
-0.731798 -0.0872516 -0.675914 0.61319 -0.517138 -0.597132 -0.29744 -0.851443 0.431942 107.554 -110.647 602.545 
-0.732503 -0.0966996 -0.673862 0.611066 -0.529703 -0.588229 -0.300064 -0.842653 0.447099 107.514 -109.952 602.756 
-0.729317 -0.0984723 -0.677053 0.611606 -0.537373 -0.580661 -0.306651 -0.837575 0.452142 107.147 -109.974 603.246 
-0.727972 -0.0999795 -0.678279 0.609583 -0.54718 -0.573587 -0.313793 -0.831022 0.459278 106.962 -110.1 603.803 
-0.730235 -0.100141 -0.675818 0.607243 -0.548432 -0.574873 -0.313072 -0.830177 0.461294 106.794 -109.201 603.816 
-0.723034 -0.0947638 -0.684282 0.612128 -0.547 -0.571042 -0.320188 -0.831751 0.453508 106.548 -109.172 604.525 
-0.719326 -0.0961531 -0.687986 0.615183 -0.548202 -0.56659 -0.322676 -0.8308 0.453488 105.786 -108.47 604.701 
-0.714419 -0.088005 -0.694163 0.614592 -0.553159 -0.562398 -0.334488 -0.828414 0.449275 105.717 -107.638 605.36 
-0.717937 -0.0857541 -0.690807 0.610679 -0.553919 -0.565901 -0.334122 -0.828142 0.450048 105.787 -106.847 605.504 
-0.714122 -0.0859559 -0.694725 0.613826 -0.553985 -0.562422 -0.336523 -0.828077 0.448375 105.471 -106.135 605.762 
-0.708126 -0.080777 -0.701451 0.614676 -0.559392 -0.556107 -0.347465 -0.824958 0.445772 105.188 -105.66 606.383 
-0.707568 -0.0744862 -0.70271 0.614657 -0.555489 -0.560026 -0.348632 -0.828181 0.438829 105.544 -105.329 606.588 
-0.708328 -0.0828595 -0.701004 0.613629 -0.563137 -0.553476 -0.348901 -0.822198 0.449731 104.797 -104.825 606.759 
-0.700214 -0.0801735 -0.709418 0.6181 -0.565359 -0.546188 -0.357286 -0.820939 0.445428 105.166 -105.588 607.578 
-0.70526 -0.0830912 -0.704063 0.614408 -0.567121 -0.548522 -0.353711 -0.819432 0.45102 104.887 -104.865 607.525 
-0.703006 -0.0752774 -0.707189 0.616181 -0.56099 -0.552821 -0.355111 -0.824392 0.440764 104.92 -104.87 607.65 
-0.699414 -0.0664268 -0.711624 0.619274 -0.553409 -0.55699 -0.35682 -0.830256 0.428198 104.642 -104.546 607.735 
-0.707742 -0.0579497 -0.704091 0.609518 -0.553989 -0.567083 -0.357196 -0.830504 0.427403 105.458 -103.421 607.524 
-0.699431 -0.0594008 -0.712229 0.615587 -0.556373 -0.558123 -0.363111 -0.828807 0.425711 104.483 -103.99 607.688 
-0.69212 -0.0408991 -0.720623 0.618058 -0.549242 -0.562439 -0.372793 -0.834661 0.40542 105.502 -103.961 608.018 
-0.691317 -0.0341654 -0.721744 0.61545 -0.551169 -0.563413 -0.378553 -0.833694 0.40206 105.507 -103.815 608.023 
-0.698757 -0.0549048 -0.71325 0.617316 -0.550087 -0.562428 -0.361469 -0.8333 0.418271 103.237 -102.517 606.031 
-0.69665 -0.0403481 -0.716276 0.61329 -0.551523 -0.565418 -0.372229 -0.833183 0.408964 104.825 -103.121 606.634 
-0.689924 -0.0406509 -0.72274 0.616104 -0.557133 -0.556793 -0.380028 -0.829427 0.409425 105.23 -104.585 606.716 
-0.690681 -0.0294679 -0.72256 0.614665 -0.550313 -0.565104 -0.380981 -0.834438 0.398204 105.695 -104.926 606.155 
-0.69105 -0.0328237 -0.722062 0.617406 -0.546249 -0.566057 -0.375846 -0.836979 0.397751 104.688 -105.169 604.888 
-0.691121 -0.0459672 -0.721277 0.619791 -0.55104 -0.558761 -0.371767 -0.833212 0.409325 105.234 -106.709 604.199 
-0.69137 -0.0279628 -0.72196 0.617924 -0.540701 -0.570799 -0.374403 -0.840749 0.391103 105.524 -107.015 603.444 
-0.690113 -0.0282793 -0.72315 0.619999 -0.538515 -0.570616 -0.37329 -0.842141 0.38917 105.011 -108.031 602.862 
-0.691324 -0.0318916 -0.721842 0.61916 -0.541102 -0.569077 -0.37244 -0.840352 0.393823 106.154 -109.759 602.767 
-0.691012 -0.037927 -0.721848 0.622937 -0.537817 -0.568068 -0.366677 -0.842207 0.395265 106.284 -111.045 602.303 
-0.688311 -0.0513094 -0.7236 0.628049 -0.541327 -0.559035 -0.36302 -0.839245 0.404826 105.783 -112.719 602.078 
-0.689524 -0.0492991 -0.722584 0.629097 -0.535127 -0.563805 -0.358879 -0.843331 0.399997 105.077 -113.616 601.554 
-0.694325 -0.0492067 -0.717978 0.628779 -0.526781 -0.571961 -0.350073 -0.848575 0.396697 104.581 -114.094 600.606 
-0.688846 -0.0411904 -0.723737 0.63665 -0.511806 -0.576828 -0.346653 -0.858112 0.37878 104.077 -115.453 599.837 
-0.69926 -0.048255 -0.713238 0.631883 -0.508299 -0.585111 -0.334303 -0.859827 0.385925 102.939 -114.912 598.125 
-0.701722 -0.0477625 -0.710849 0.630332 -0.506661 -0.588197 -0.332065 -0.860821 0.385642 102.887 -115.919 597.43 
-0.697495 -0.0681955 -0.713338 0.637604 -0.513391 -0.574362 -0.327052 -0.855441 0.401569 102.474 -118.44 596.751 
-0.703194 -0.0683546 -0.707706 0.637825 -0.50046 -0.585422 -0.314162 -0.863057 0.395519 101.937 -118.503 595.451 
-0.707007 -0.0721759 -0.703515 0.635963 -0.500018 -0.587821 -0.309343 -0.863002 0.399417 101.441 -120.082 594.557 
-0.714628 -0.0821003 -0.694671 0.63273 -0.499309 -0.591897 -0.29826 -0.862525 0.408768 101.445 -120.809 593.49 
-0.720031 -0.0956782 -0.687315 0.633844 -0.493861 -0.595267 -0.282484 -0.864261 0.41624 99.7666 -121.069 591.727 
-0.72224 -0.107812 -0.683189 0.636165 -0.491168 -0.595019 -0.27141 -0.864367 0.423328 98.9066 -122.103 590.429 
-0.720745 -0.122858 -0.682227 0.640183 -0.495453 -0.587104 -0.265881 -0.859902 0.435747 98.0642 -124.136 589.658 
-0.726042 -0.123032 -0.676555 0.636832 -0.491495 -0.594035 -0.259437 -0.862146 0.435197 97.7027 -124.48 588.715 
-0.728928 -0.137446 -0.670652 0.638653 -0.489337 -0.593862 -0.24655 -0.861195 0.444472 97.1065 -126.18 587.369 
-0.730433 -0.160303 -0.663906 0.643488 -0.487298 -0.590309 -0.228891 -0.858396 0.459092 94.9561 -126.589 585.898 
-0.731715 -0.169529 -0.660192 0.644836 -0.486016 -0.589893 -0.22086 -0.857349 0.464944 95.0223 -128.093 584.729 
-0.737598 -0.171951 -0.65298 0.641716 -0.479426 -0.598625 -0.210121 -0.860571 0.463968 94.5663 -128.597 583.562 
-0.73614 -0.189916 -0.649638 0.648479 -0.47279 -0.596611 -0.193836 -0.860465 0.471197 93.3512 -129.242 582.129 
-0.741842 -0.204842 -0.638522 0.645867 -0.474357 -0.598198 -0.180351 -0.856168 0.4842 92.1192 -129.275 580.848 
-0.740437 -0.22839 -0.632132 0.650947 -0.477907 -0.589808 -0.167394 -0.8482 0.50253 90.9623 -130.162 579.727 
-0.743509 -0.262921 -0.614872 0.651478 -0.492265 -0.577279 -0.150901 -0.829787 0.537291 89.4393 -130.895 578.605 
-0.747069 -0.271171 -0.606922 0.650608 -0.485572 -0.583891 -0.13637 -0.831075 0.539182 88.6346 -130.391 577.529 
-0.752019 -0.278426 -0.59745 0.648166 -0.477087 -0.593522 -0.119783 -0.833586 0.539246 87.9972 -129.616 576.477 
-0.747098 -0.291244 -0.597513 0.655105 -0.474894 -0.587633 -0.11261 -0.830453 0.545589 86.9389 -130.468 576.106 
-0.74822 -0.298961 -0.592275 0.65464 -0.477683 -0.585888 -0.107761 -0.8261 0.553124 86.5307 -130.386 575.883 
-0.747871 -0.309801 -0.587122 0.655765 -0.482328 -0.580803 -0.103251 -0.819379 0.563877 86.0279 -130.708 575.935 
-0.746538 -0.321915 -0.582282 0.658825 -0.47986 -0.579382 -0.0929015 -0.816152 0.57032 85.1082 -130.524 575.845 
-0.744926 -0.339954 -0.574037 0.661615 -0.48702 -0.570155 -0.0857402 -0.804514 0.587713 84.1045 -130.305 576.191 
-0.745204 -0.354314 -0.564919 0.661857 -0.496332 -0.561782 -0.0813396 -0.792537 0.604375 83.2633 -129.843 576.6 
-0.741075 -0.359174 -0.567276 0.666706 -0.493622 -0.558427 -0.0794462 -0.792042 0.605275 83.0652 -129.783 577.345 
-0.743503 -0.362553 -0.561924 0.66431 -0.4969 -0.558374 -0.076779 -0.788445 0.610295 82.5943 -128.962 578.051 
-0.73799 -0.362944 -0.568896 0.670669 -0.487757 -0.558834 -0.0746577 -0.793955 0.603376 81.7621 -128.113 578.771 
-0.742123 -0.370356 -0.558651 0.66646 -0.496405 -0.556248 -0.0713069 -0.785122 0.615222 80.8817 -127.171 579.518 
-0.739415 -0.38413 -0.552911 0.670071 -0.499596 -0.549006 -0.065342 -0.776432 0.626804 80.201 -126.668 579.933 
-0.740591 -0.39053 -0.546819 0.669456 -0.498944 -0.550348 -0.0579039 -0.773654 0.630957 79.3087 -125.251 580.325 
-0.741161 -0.391598 -0.545281 0.668898 -0.499804 -0.550247 -0.0570575 -0.772558 0.632375 78.9375 -124.167 580.898 
-0.738918 -0.387855 -0.550972 0.671586 -0.490123 -0.555655 -0.0545299 -0.780607 0.622639 78.3895 -122.68 581.165 
-0.736395 -0.396003 -0.548548 0.674597 -0.491379 -0.550878 -0.051395 -0.775711 0.628991 77.7839 -121.606 581.6 
-0.732463 -0.397909 -0.552419 0.678824 -0.488739 -0.548026 -0.0519238 -0.776404 0.628093 77.2728 -120.767 582.137 
-0.728604 -0.402974 -0.553848 0.68287 -0.490119 -0.541731 -0.053147 -0.772913 0.632282 76.9505 -120.096 582.477 
-0.730856 -0.40708 -0.547846 0.680812 -0.491745 -0.542846 -0.0484183 -0.769722 0.636541 76.5431 -118.516 582.52 
-0.727662 -0.405064 -0.553563 0.684124 -0.487189 -0.54279 -0.0498244 -0.773672 0.631624 76.4568 -117.31 582.718 
-0.73234 -0.409936 -0.54372 0.678934 -0.500821 -0.536868 -0.0522245 -0.762319 0.645091 77.0217 -116.271 582.958 
-0.727838 -0.407968 -0.551193 0.683563 -0.495761 -0.53569 -0.0547151 -0.76667 0.639706 76.7187 -115.629 583.057 
-0.729193 -0.410951 -0.547173 0.682349 -0.497111 -0.535984 -0.0517421 -0.764198 0.642903 76.4187 -114.321 583.151 
-0.72484 -0.415627 -0.549419 0.6871 -0.494023 -0.532761 -0.0499953 -0.763672 0.643666 75.9718 -113.181 583.27 
-0.723858 -0.413112 -0.552601 0.688261 -0.488344 -0.536486 -0.0482302 -0.768673 0.637821 75.4935 -111.552 583.299 
-0.726782 -0.418358 -0.544761 0.685256 -0.495933 -0.533362 -0.0470281 -0.760938 0.647118 75.4309 -110.834 583.695 
-0.726126 -0.41116 -0.551079 0.6859 -0.488851 -0.539041 -0.0477634 -0.769397 0.636983 75.5082 -109.752 584.206 
-0.726904 -0.407851 -0.552511 0.685198 -0.484608 -0.543745 -0.0459829 -0.773829 0.631723 75.2739 -108.175 584.741 
-0.730499 -0.413645 -0.543386 0.681402 -0.494394 -0.53969 -0.0454059 -0.764507 0.643014 74.6888 -107.275 585.575 
-0.729856 -0.415195 -0.543068 0.682174 -0.493655 -0.539391 -0.0441353 -0.764144 0.643534 74.5317 -107.231 586.019 
-0.724324 -0.414938 -0.550619 0.688138 -0.484524 -0.540095 -0.0426812 -0.770105 0.636487 73.9799 -107.127 586.338 
-0.728138 -0.413272 -0.546828 0.684036 -0.488982 -0.541286 -0.0436899 -0.768181 0.63874 74.8101 -106.961 586.745 
-0.725008 -0.421734 -0.544522 0.687568 -0.489288 -0.536514 -0.0401613 -0.763372 0.644709 74.0292 -107.433 586.77 
-0.722612 -0.424325 -0.545693 0.690301 -0.484408 -0.537432 -0.0362915 -0.765046 0.642952 74.0192 -107.647 586.637 
-0.721046 -0.428695 -0.544347 0.691788 -0.489628 -0.530748 -0.0389977 -0.759266 0.649611 74.1806 -107.865 587.018 
-0.723457 -0.432743 -0.537907 0.689198 -0.498087 -0.526227 -0.0402033 -0.751427 0.658591 74.246 -108.323 587.185 
-0.724449 -0.431681 -0.537425 0.687827 -0.504121 -0.522261 -0.0454765 -0.748006 0.662132 74.7812 -108.68 587.442 
-0.721459 -0.428035 -0.54432 0.690925 -0.497235 -0.524765 -0.0460368 -0.75468 0.654475 74.8644 -108.423 587.222 
-0.721837 -0.432312 -0.540424 0.69043 -0.503453 -0.519463 -0.0475074 -0.748092 0.661892 75.8219 -109.703 586.927 
-0.7241 -0.428825 -0.540175 0.688072 -0.502862 -0.523151 -0.0472927 -0.750492 0.659185 76.0908 -109.757 586.497 
-0.728295 -0.42482 -0.537694 0.68285 -0.515704 -0.51746 -0.0574625 -0.744027 0.665674 77.3187 -111.568 586.613 
-0.731294 -0.41239 -0.543272 0.679415 -0.510555 -0.526999 -0.0600403 -0.754498 0.65355 77.9318 -112.316 586.071 
-0.725574 -0.421133 -0.544234 0.685562 -0.510822 -0.518715 -0.0595584 -0.749471 0.659353 77.7911 -114.606 585.147 
-0.731468 -0.406783 -0.54725 0.678275 -0.516433 -0.522723 -0.0699828 -0.753541 0.653665 78.7168 -115.966 585.222 
-0.736598 -0.381772 -0.558277 0.671624 -0.510107 -0.537318 -0.0796473 -0.77074 0.632152 79.7342 -115.715 585.034 
-0.739051 -0.363963 -0.566864 0.667735 -0.507049 -0.545005 -0.0890657 -0.781301 0.617767 80.7329 -116.22 585.061 
-0.735919 -0.346248 -0.581838 0.669757 -0.49824 -0.55062 -0.0992435 -0.794901 0.598567 81.3121 -116.638 585.253 
-0.74266 -0.326161 -0.584873 0.65985 -0.505419 -0.556012 -0.114256 -0.798855 0.590572 83.1777 -117.334 585.55 
-0.744571 -0.302066 -0.59529 0.654173 -0.507759 -0.560569 -0.132934 -0.806806 0.575667 84.4278 -118.265 585.762 
-0.744383 -0.268915 -0.611211 0.648667 -0.508484 -0.566282 -0.158509 -0.818002 0.552944 85.9737 -119.18 586.367 
-0.738648 -0.231018 -0.633269 0.648279 -0.500929 -0.573415 -0.184753 -0.834086 0.519775 87.5999 -119.227 587.218 
-0.738505 -0.208019 -0.641357 0.643956 -0.49952 -0.579482 -0.199827 -0.840956 0.502854 89.1799 -119.225 587.631 
-0.734744 -0.187693 -0.651862 0.640718 -0.507619 -0.576023 -0.222782 -0.840888 0.493229 90.3017 -119.339 588.793 
-0.737685 -0.182897 -0.6499 0.636601 -0.509023 -0.579339 -0.224854 -0.841096 0.491932 89.7033 -117.859 588.585 
-0.728729 -0.155323 -0.666956 0.639469 -0.502812 -0.5816 -0.245017 -0.850326 0.465738 91.7383 -117.802 589.751 
-0.725644 -0.149651 -0.671599 0.640637 -0.503065 -0.580094 -0.251046 -0.851193 0.460919 91.4433 -116.891 589.503 
-0.71861 -0.131625 -0.682844 0.638719 -0.51326 -0.573238 -0.275024 -0.848079 0.452905 93.1061 -116.817 591.003 
-0.716987 -0.115957 -0.687375 0.635065 -0.515255 -0.575503 -0.287439 -0.849156 0.443072 94.8343 -116.122 591.765 
-0.711254 -0.114763 -0.693505 0.637953 -0.519685 -0.568282 -0.295186 -0.846615 0.442841 95.1746 -115.62 592.197 
-0.708562 -0.10339 -0.698034 0.638522 -0.51503 -0.571868 -0.300382 -0.850913 0.430948 95.9332 -115.004 592.541 
-0.710391 -0.096899 -0.697106 0.635394 -0.514273 -0.576019 -0.302686 -0.852135 0.426904 96.103 -113.918 592.777 
-0.706534 -0.0902029 -0.701908 0.636182 -0.515397 -0.574141 -0.309971 -0.852191 0.421531 96.2148 -113.367 593.484 
-0.700525 -0.0803568 -0.70909 0.639248 -0.512348 -0.573464 -0.317219 -0.85501 0.410281 96.3786 -113.159 594.224 
-0.699994 -0.0919913 -0.7082 0.638523 -0.524749 -0.562962 -0.319839 -0.846271 0.42606 95.4539 -112.156 594.259 
-0.700614 -0.082453 -0.708762 0.634912 -0.525323 -0.5665 -0.325618 -0.846898 0.420399 95.7359 -110.991 594.523 
-0.696569 -0.076287 -0.713424 0.634632 -0.529374 -0.563032 -0.334715 -0.844951 0.41716 96.2931 -110.685 595.062 
-0.689182 -0.0812831 -0.720015 0.640688 -0.5325 -0.553138 -0.338447 -0.842517 0.419067 96.3012 -110.743 595.183 
-0.693273 -0.0961869 -0.714228 0.640388 -0.536811 -0.549306 -0.330569 -0.838201 0.433754 95.2634 -109.077 594.472 
-0.691243 -0.0860619 -0.71748 0.636042 -0.543713 -0.547564 -0.342978 -0.834847 0.430577 96.444 -108.654 595.35 
-0.690351 -0.102621 -0.71616 0.64377 -0.538813 -0.543361 -0.330115 -0.836151 0.438035 94.9557 -107.247 594.242 
-0.689878 -0.0913404 -0.718141 0.63988 -0.540872 -0.545903 -0.338559 -0.83613 0.431583 96.5082 -107.19 595.267 
-0.683403 -0.0904889 -0.724413 0.642494 -0.545716 -0.537955 -0.346644 -0.83307 0.431083 96.4412 -106.978 596.261 
-0.683719 -0.085535 -0.724716 0.64048 -0.546289 -0.539772 -0.349734 -0.833218 0.428292 96.5993 -106.535 596.702 
-0.678842 -0.0968553 -0.727869 0.644715 -0.553065 -0.527695 -0.351448 -0.827489 0.437888 96.0526 -107.529 597.131 
-0.675689 -0.101722 -0.730135 0.648406 -0.553228 -0.52298 -0.350732 -0.826795 0.439768 95.7971 -107.913 597.346 
-0.678212 -0.0937507 -0.728863 0.645101 -0.55098 -0.529401 -0.351956 -0.829235 0.43416 96.5614 -107.332 597.61 
-0.674794 -0.100647 -0.731112 0.648136 -0.554598 -0.521862 -0.352948 -0.826009 0.439472 96.1357 -107.799 598.105 
-0.677059 -0.0981936 -0.729349 0.647534 -0.550423 -0.527005 -0.349702 -0.829091 0.436253 96.1532 -107.472 597.586 
-0.679263 -0.0974913 -0.727392 0.646351 -0.548922 -0.530014 -0.347609 -0.830168 0.435876 95.9115 -107.416 597.172 
-0.675848 -0.103623 -0.729721 0.651941 -0.545883 -0.526293 -0.343805 -0.831429 0.43649 95.6936 -107.694 596.901 
-0.678609 -0.108207 -0.726487 0.652077 -0.543995 -0.528077 -0.338063 -0.832082 0.439719 95.436 -107.746 596.176 
-0.678275 -0.0979023 -0.728258 0.653908 -0.532505 -0.537441 -0.335184 -0.840745 0.425204 95.8975 -108.008 595.586 
-0.680668 -0.109094 -0.724424 0.649606 -0.547027 -0.527991 -0.338678 -0.829976 0.443212 96.1262 -109.996 595.495 
-0.680421 -0.109573 -0.724584 0.650265 -0.546201 -0.528034 -0.33791 -0.830456 0.442898 95.6618 -110.506 594.714 
-0.68722 -0.10362 -0.719022 0.645719 -0.540605 -0.539252 -0.332829 -0.83487 0.438425 95.8381 -111.148 593.532 
-0.691857 -0.118048 -0.71232 0.648153 -0.536268 -0.540662 -0.31817 -0.835752 0.447534 94.7046 -111.908 591.554 
-0.686824 -0.117764 -0.71722 0.652288 -0.535159 -0.536774 -0.320614 -0.836502 0.444376 94.5681 -114.146 590.886 
-0.69362 -0.120345 -0.710218 0.648883 -0.532517 -0.543485 -0.312797 -0.83782 0.447455 93.9175 -114.732 589.129 
-0.69679 -0.130995 -0.705213 0.652572 -0.523857 -0.54747 -0.297714 -0.841673 0.450502 93.1877 -116.123 587.222 
-0.705371 -0.137105 -0.695454 0.645826 -0.528699 -0.550805 -0.292167 -0.837663 0.461475 93.1812 -117.708 586.09 
-0.706552 -0.134436 -0.694775 0.644775 -0.5269 -0.553752 -0.291632 -0.839227 0.458964 93.2091 -119.297 585.578 
-0.71341 -0.140443 -0.68653 0.640982 -0.526694 -0.558333 -0.283177 -0.838373 0.46577 92.4834 -120.885 584.46 
-0.713677 -0.159344 -0.682112 0.648712 -0.517731 -0.557788 -0.264269 -0.840573 0.472861 90.422 -121.985 582.557 
-0.716142 -0.176194 -0.67535 0.653023 -0.510715 -0.559224 -0.246379 -0.841502 0.480804 87.9151 -122.656 580.903 
-0.71656 -0.17607 -0.674939 0.654708 -0.503567 -0.563717 -0.240623 -0.845825 0.47611 88.4782 -124.344 580.345 
-0.722196 -0.17522 -0.669128 0.652308 -0.494289 -0.574606 -0.23006 -0.851455 0.471271 88.0207 -125.448 579.27 
-0.723814 -0.199822 -0.660428 0.653659 -0.505089 -0.563573 -0.22096 -0.839616 0.496206 86.5708 -127.506 578.511 
-0.731957 -0.223873 -0.643523 0.649569 -0.514379 -0.559887 -0.20567 -0.827825 0.521925 85.2819 -128.499 577.628 
-0.732179 -0.234023 -0.639647 0.654865 -0.50007 -0.566641 -0.18726 -0.833764 0.519395 83.5867 -129.336 576.331 
-0.734215 -0.247554 -0.632176 0.654898 -0.503732 -0.563349 -0.178987 -0.827629 0.531971 82.2164 -130.488 576.002 
-0.732931 -0.272376 -0.623398 0.658753 -0.512966 -0.550373 -0.169873 -0.81405 0.555397 80.754 -132.428 575.551 
-0.734827 -0.281569 -0.617049 0.660454 -0.50411 -0.556483 -0.154371 -0.81645 0.556397 79.4708 -132.434 574.829 
-0.736014 -0.300767 -0.606484 0.661694 -0.508843 -0.550671 -0.142981 -0.806608 0.573532 78.0059 -133.212 574.413 
-0.735201 -0.316294 -0.599531 0.665007 -0.507902 -0.547541 -0.131318 -0.801245 0.583748 76.6971 -133.78 573.854 
-0.739164 -0.330949 -0.586609 0.664044 -0.503716 -0.552554 -0.112616 -0.797961 0.592094 75.0424 -132.714 573.044 
-0.737521 -0.344784 -0.580679 0.667742 -0.500804 -0.550742 -0.100918 -0.793926 0.59958 74.1658 -132.906 572.663 
-0.735377 -0.36102 -0.573486 0.670831 -0.507644 -0.540632 -0.0959472 -0.78228 0.615494 72.6753 -133.202 572.712 
-0.736549 -0.373751 -0.563743 0.670743 -0.511026 -0.537546 -0.0871782 -0.774055 0.627087 71.7053 -132.75 572.41 
-0.733111 -0.37919 -0.564591 0.675011 -0.507128 -0.535893 -0.0831138 -0.773974 0.627739 71.2175 -132.927 572.32 
-0.732507 -0.393284 -0.555663 0.676457 -0.51213 -0.529272 -0.0764167 -0.763577 0.641179 70.6134 -132.577 572.123 
-0.732753 -0.396735 -0.552879 0.676464 -0.512978 -0.528441 -0.0739635 -0.761219 0.644264 69.9219 -132.176 572.1 
-0.730249 -0.411453 -0.545383 0.679632 -0.518775 -0.518625 -0.0695405 -0.749385 0.658472 69.0204 -131.83 572.279 
-0.72744 -0.424843 -0.538832 0.683488 -0.51802 -0.514295 -0.0606311 -0.742403 0.667204 68.0762 -131.139 572.095 
-0.725856 -0.42734 -0.538993 0.685674 -0.511766 -0.517636 -0.0546311 -0.745302 0.664485 67.6163 -129.944 571.859 
-0.721629 -0.438702 -0.53553 0.690367 -0.513495 -0.509622 -0.0514189 -0.73747 0.67342 66.9037 -129.581 572.254 
-0.721267 -0.441666 -0.533578 0.691269 -0.507734 -0.514152 -0.0438315 -0.739686 0.671523 67.0723 -127.951 572.198 
-0.717477 -0.449278 -0.532331 0.695311 -0.508058 -0.508349 -0.0420646 -0.734864 0.676909 67.0135 -127.373 572.421 
-0.714948 -0.453732 -0.531956 0.698207 -0.5034 -0.509015 -0.0368297 -0.735334 0.676704 66.6843 -126.329 572.34 
-0.710395 -0.466325 -0.527142 0.703201 -0.501264 -0.504225 -0.0291043 -0.728885 0.684017 65.4968 -124.441 572.437 
-0.70811 -0.47174 -0.525397 0.705492 -0.503604 -0.498663 -0.0293518 -0.723771 0.689416 65.1921 -123.095 572.763 
-0.705453 -0.47451 -0.526475 0.708396 -0.495745 -0.502405 -0.0226005 -0.727376 0.685867 64.471 -120.897 572.736 
-0.707217 -0.472935 -0.525525 0.706561 -0.498875 -0.501891 -0.0248094 -0.726261 0.686971 65.1812 -119.961 573.209 
-0.705985 -0.470818 -0.529071 0.707617 -0.499928 -0.499349 -0.0293945 -0.726912 0.686101 65.1799 -119.09 573.736 
-0.706609 -0.469578 -0.52934 0.707348 -0.488872 -0.510551 -0.0190351 -0.735187 0.677597 64.2576 -116.347 573.66 
-0.696134 -0.481853 -0.532181 0.717843 -0.47747 -0.506679 -0.00995528 -0.734738 0.678278 62.7143 -116.022 573.422 
-0.699402 -0.470829 -0.537734 0.714602 -0.474849 -0.513676 -0.013488 -0.743531 0.668566 63.4333 -114.758 573.779 
-0.700116 -0.480636 -0.528041 0.713914 -0.484488 -0.505567 -0.0128358 -0.730931 0.682331 63.0049 -114.453 574.183 
-0.693084 -0.488874 -0.529751 0.720764 -0.481776 -0.498389 -0.0115712 -0.72725 0.686275 61.856 -113.566 574.631 
-0.692765 -0.489723 -0.529384 0.721054 -0.483152 -0.496634 -0.0125594 -0.725765 0.687829 61.7672 -113.524 574.755 
-0.685943 -0.502703 -0.526092 0.727653 -0.47601 -0.493899 -0.00213988 -0.721598 0.692309 59.8732 -111.912 574.756 
-0.687931 -0.498439 -0.52755 0.725767 -0.476004 -0.496671 -0.00355507 -0.724553 0.68921 60.4932 -111.994 574.915 
-0.692848 -0.495642 -0.523737 0.721043 -0.483954 -0.495869 -0.00769039 -0.721198 0.692686 61.144 -111.401 575.475 
-0.684257 -0.505237 -0.525859 0.729241 -0.474393 -0.493111 -0.000325036 -0.720893 0.693047 59.3073 -110.225 575.752 
-0.685516 -0.505715 -0.523757 0.728052 -0.473296 -0.495914 0.00289944 -0.721278 0.692639 59.6339 -109.689 575.98 
-0.683564 -0.511812 -0.520374 0.729878 -0.475105 -0.491481 0.0043139 -0.715768 0.698325 58.5834 -108.797 576.419 
-0.685325 -0.505452 -0.524259 0.728237 -0.475786 -0.493253 -0.000118328 -0.719823 0.694158 58.9231 -108.759 576.829 
-0.68347 -0.513028 -0.519298 0.729976 -0.478511 -0.488018 0.00187767 -0.712621 0.701547 58.3156 -108.447 576.94 
-0.67551 -0.518648 -0.52411 0.737306 -0.467236 -0.487925 0.00817936 -0.716027 0.698025 56.9358 -108.201 576.795 
-0.679213 -0.519377 -0.518573 0.733901 -0.473222 -0.487288 0.0076867 -0.711553 0.70259 58.1605 -109.118 576.814 
-0.678028 -0.524917 -0.514529 0.734984 -0.475891 -0.483038 0.00869564 -0.705684 0.708474 58.1187 -109.062 577.087 
-0.667378 -0.533555 -0.519545 0.744547 -0.463026 -0.480891 0.0160192 -0.707761 0.706271 57.0402 -108.729 576.88 
-0.677904 -0.526299 -0.513279 0.735119 -0.478883 -0.479865 0.00675255 -0.702624 0.71153 58.9041 -109.575 577.354 
-0.677902 -0.527103 -0.512457 0.735136 -0.481433 -0.477281 0.00486336 -0.700275 0.713857 58.8894 -109.454 577.774 
-0.677577 -0.523716 -0.516344 0.735451 -0.481116 -0.477116 0.0014527 -0.703028 0.711161 59.3303 -109.53 578.02 
-0.678526 -0.521783 -0.517054 0.73457 -0.47905 -0.480539 0.003043 -0.70587 0.708335 59.3263 -109.435 577.874 
-0.68429 -0.517208 -0.514045 0.729209 -0.484801 -0.48293 0.000566735 -0.70531 0.708898 60.1419 -109.672 577.964 
-0.683015 -0.520306 -0.512613 0.730403 -0.487519 -0.478368 -0.00101014 -0.701147 0.713016 60.2948 -110.399 578.072 
-0.691137 -0.505325 -0.516697 0.722696 -0.489507 -0.487948 -0.00635407 -0.710653 0.703514 61.9458 -112.012 577.759 
-0.691129 -0.500147 -0.521722 0.722494 -0.496628 -0.481003 -0.0185287 -0.709375 0.704587 63.1137 -113.886 578.084 
-0.70244 -0.485827 -0.520145 0.710748 -0.517442 -0.476541 -0.0376277 -0.704432 0.708773 64.8781 -114.942 578.817 
-0.705624 -0.471926 -0.528564 0.706528 -0.525399 -0.474102 -0.0539652 -0.707983 0.704165 66.1225 -116.316 579.11 
-0.711627 -0.44909 -0.540283 0.699097 -0.528881 -0.481195 -0.0696445 -0.720141 0.690324 67.5728 -117.278 579.434 
-0.712039 -0.414292 -0.566889 0.696149 -0.521797 -0.493056 -0.0915311 -0.745714 0.659949 69.7473 -119.027 580.12 
-0.717094 -0.377675 -0.58578 0.687131 -0.523853 -0.503417 -0.116734 -0.763504 0.635165 71.3464 -119.834 580.848 
-0.724255 -0.349344 -0.594487 0.674945 -0.535576 -0.50755 -0.141083 -0.768841 0.623682 72.5684 -121.053 581.842 
-0.721181 -0.31714 -0.61589 0.674611 -0.523611 -0.520318 -0.157472 -0.79073 0.591565 74.4431 -121.802 582.349 
-0.718765 -0.283937 -0.634632 0.669414 -0.529171 -0.521405 -0.187782 -0.799598 0.570421 75.9462 -122.406 583.695 
-0.719242 -0.257711 -0.645195 0.664036 -0.528103 -0.529305 -0.204321 -0.80913 0.550963 77.5894 -122.271 584.675 
-0.712461 -0.246671 -0.656927 0.667252 -0.52792 -0.525429 -0.217196 -0.812683 0.540715 78.2023 -122.609 585.464 
-0.707787 -0.240289 -0.664303 0.668139 -0.533084 -0.519048 -0.229407 -0.811222 0.537857 79.1323 -122.545 586.482 
-0.706254 -0.233664 -0.668287 0.668381 -0.531265 -0.520599 -0.233392 -0.814345 0.531385 79.2629 -120.706 586.983 
-0.705742 -0.203857 -0.678507 0.661107 -0.533783 -0.527269 -0.254687 -0.820681 0.511484 81.7729 -119.958 588.627 
-0.702983 -0.188818 -0.685685 0.659214 -0.53484 -0.528566 -0.266929 -0.823585 0.500455 83.4472 -119.625 589.511 
-0.697485 -0.185673 -0.692128 0.664313 -0.529701 -0.527356 -0.268705 -0.827612 0.492804 83.4725 -117.907 589.282 
-0.693304 -0.170455 -0.700197 0.665065 -0.525514 -0.530588 -0.277521 -0.833534 0.477705 84.447 -116.588 590.08 
-0.688366 -0.16169 -0.707114 0.663615 -0.533966 -0.523923 -0.292861 -0.829901 0.474864 86.4493 -116.963 591.317 
-0.677674 -0.138472 -0.722208 0.664183 -0.536788 -0.520307 -0.315623 -0.832276 0.455738 87.8671 -115.967 592.584 
-0.67451 -0.133279 -0.726136 0.662091 -0.544334 -0.515108 -0.326607 -0.828213 0.455402 88.5689 -115.788 593.361 
-0.674287 -0.135138 -0.726 0.66278 -0.544302 -0.514254 -0.325668 -0.827932 0.456583 88.6035 -114.96 593.408 
-0.673442 -0.126459 -0.728344 0.665242 -0.533339 -0.522496 -0.32238 -0.836395 0.443299 89.1723 -113.994 593.39 
-0.680299 -0.135636 -0.720276 0.664149 -0.529731 -0.527533 -0.309999 -0.83725 0.450458 87.4609 -111.426 592.894 
-0.674767 -0.133021 -0.725944 0.663577 -0.539885 -0.517869 -0.323039 -0.831161 0.452567 88.4696 -112.021 594.082 
-0.67274 -0.135378 -0.727389 0.662495 -0.547945 -0.510741 -0.329425 -0.825487 0.458312 88.9194 -112.789 595.25 
-0.67258 -0.136396 -0.727347 0.661956 -0.550285 -0.508921 -0.330833 -0.82376 0.460399 89.057 -111.595 595.697 
-0.661111 -0.141525 -0.73682 0.67256 -0.54707 -0.498375 -0.332559 -0.825036 0.456858 88.5655 -111.318 596.042 
-0.661449 -0.139926 -0.736823 0.669212 -0.553645 -0.495614 -0.338588 -0.820912 0.459848 89.1292 -110.796 596.569 
-0.662997 -0.1273 -0.73772 0.664741 -0.553344 -0.501926 -0.344318 -0.823167 0.451487 89.4132 -109.841 596.855 
-0.659807 -0.133133 -0.739549 0.666415 -0.558411 -0.494033 -0.347199 -0.818812 0.457165 89.1703 -109.617 597.116 
-0.660581 -0.142433 -0.737121 0.667769 -0.56018 -0.490187 -0.343101 -0.816033 0.465157 89.0066 -109.406 596.965 
-0.660749 -0.140244 -0.737389 0.667178 -0.559861 -0.491355 -0.343925 -0.816631 0.463496 89.0737 -109.424 596.993 
-0.657041 -0.14006 -0.740731 0.66975 -0.559467 -0.488294 -0.346024 -0.816933 0.461398 89.1454 -109.963 597.303 
-0.657584 -0.139657 -0.740325 0.670787 -0.555885 -0.490954 -0.34297 -0.819443 0.459222 88.7508 -109.788 597.075 
-0.656266 -0.144994 -0.740468 0.673876 -0.554091 -0.488747 -0.339421 -0.819731 0.46134 88.561 -109.921 596.881 
-0.663345 -0.146222 -0.73389 0.670846 -0.55075 -0.496628 -0.331571 -0.821762 0.46343 88.5298 -109.217 596.341 
-0.667679 -0.159137 -0.727242 0.673457 -0.545446 -0.498944 -0.31727 -0.8229 0.471355 86.6486 -107.687 594.982 
-0.668171 -0.149639 -0.728805 0.667586 -0.553015 -0.4985 -0.328445 -0.819623 0.469406 87.4943 -108.73 595.415 
-0.667312 -0.144142 -0.730698 0.667916 -0.549896 -0.501501 -0.32952 -0.822701 0.463227 88.1234 -109.686 595.017 
-0.670763 -0.135925 -0.729111 0.663018 -0.550468 -0.507338 -0.332392 -0.823716 0.459354 88.4991 -110.213 594.503 
-0.676441 -0.131026 -0.724749 0.661007 -0.541985 -0.518963 -0.324805 -0.830111 0.45323 88.4549 -110.33 592.63 
-0.672291 -0.1468 -0.725586 0.666964 -0.545411 -0.507628 -0.321223 -0.825212 0.464586 86.9374 -111.442 591.482 
-0.676512 -0.152583 -0.720452 0.665751 -0.544922 -0.50974 -0.314812 -0.824487 0.470228 87.5915 -112.785 590.333 
-0.679451 -0.160983 -0.715843 0.665655 -0.545628 -0.509111 -0.308625 -0.82242 0.477887 86.8671 -114.179 588.948 
-0.681236 -0.1631 -0.713664 0.666981 -0.540114 -0.513237 -0.301751 -0.825636 0.47673 86.4322 -114.968 587.495 
-0.680771 -0.164383 -0.713814 0.66868 -0.537283 -0.513997 -0.299027 -0.827227 0.475687 86.4766 -116.194 586.774 
-0.679713 -0.169206 -0.713695 0.671897 -0.533903 -0.513324 -0.294186 -0.828442 0.47659 85.7657 -117.262 585.776 
-0.686538 -0.179339 -0.704631 0.669069 -0.535187 -0.515676 -0.284628 -0.825477 0.487417 84.7941 -117.84 584.575 
-0.693991 -0.18793 -0.695025 0.665988 -0.534345 -0.520514 -0.273563 -0.82411 0.49599 84.4022 -118.43 583.536 
-0.701209 -0.216825 -0.679186 0.666815 -0.53659 -0.517135 -0.252317 -0.81551 0.520844 82.5791 -119.021 581.934 
-0.702066 -0.210803 -0.680196 0.666085 -0.532229 -0.522555 -0.251863 -0.819935 0.514072 82.6359 -120.185 581.561 
-0.70553 -0.213974 -0.675606 0.666591 -0.524019 -0.530151 -0.240591 -0.82439 0.512345 82.4508 -120.871 580.496 
-0.711139 -0.226605 -0.665532 0.664601 -0.525446 -0.531237 -0.229319 -0.820095 0.524267 81.8557 -122.057 579.86 
-0.713748 -0.237668 -0.658846 0.665614 -0.522943 -0.532437 -0.217995 -0.818562 0.531445 81.2849 -122.857 578.876 
-0.712273 -0.262886 -0.650814 0.669106 -0.534421 -0.516421 -0.212048 -0.803296 0.556553 79.6343 -124.695 578.455 
-0.71595 -0.261005 -0.647528 0.669505 -0.519632 -0.530797 -0.197935 -0.813547 0.546775 78.7924 -124.485 577.32 
-0.71732 -0.275115 -0.640129 0.670201 -0.523621 -0.525976 -0.19048 -0.806308 0.559987 77.9734 -125.77 576.827 
-0.720107 -0.300514 -0.625411 0.669394 -0.53814 -0.512169 -0.182644 -0.787462 0.588681 76.5848 -126.927 576.366 
-0.718079 -0.31103 -0.622595 0.673877 -0.534302 -0.510305 -0.173933 -0.785991 0.593267 75.2957 -127.931 575.876 
-0.723371 -0.330309 -0.606327 0.671115 -0.542771 -0.504979 -0.162297 -0.772201 0.6143 74.2853 -128.311 575.486 
-0.725176 -0.338907 -0.599385 0.671252 -0.541919 -0.505711 -0.153429 -0.769067 0.62048 73.0841 -128.422 575.262 
-0.719901 -0.357157 -0.595132 0.678864 -0.540863 -0.496599 -0.144521 -0.761515 0.631829 71.6267 -129.486 575.047 
-0.720755 -0.370348 -0.585965 0.681003 -0.536119 -0.49881 -0.129413 -0.758563 0.638619 70.4643 -129.632 574.704 
-0.720259 -0.382018 -0.579042 0.683118 -0.535859 -0.49619 -0.120731 -0.752939 0.646921 69.3975 -129.869 574.711 
-0.720998 -0.394619 -0.569595 0.683886 -0.537666 -0.493169 -0.111637 -0.745111 0.657531 68.1004 -129.956 574.983 
-0.718852 -0.41555 -0.557288 0.688096 -0.539357 -0.485404 -0.0988671 -0.732401 0.673657 67.0988 -130.595 575.056 
-0.720742 -0.42462 -0.547931 0.687771 -0.53679 -0.4887 -0.0866113 -0.729077 0.678929 66.1365 -129.812 575.044 
-0.71534 -0.440558 -0.5424 0.694378 -0.535119 -0.48113 -0.0782818 -0.720802 0.688706 64.4097 -129.908 575.372 
-0.715147 -0.452262 -0.532939 0.69607 -0.530236 -0.484083 -0.0636506 -0.717153 0.694004 63.4263 -129.698 575.364 
-0.707572 -0.469231 -0.52836 0.704576 -0.525601 -0.476777 -0.0539877 -0.709623 0.70251 61.6482 -129.658 575.783 
-0.7106 -0.47783 -0.516456 0.701893 -0.532463 -0.473106 -0.0489287 -0.698685 0.713754 61.4416 -129.731 576.321 
-0.710617 -0.487988 -0.506844 0.702283 -0.535663 -0.468896 -0.0426809 -0.689153 0.723358 60.3536 -129.651 576.557 
-0.710619 -0.498077 -0.496931 0.702676 -0.538161 -0.465434 -0.0356066 -0.679927 0.732415 59.4724 -129.48 576.862 
-0.703624 -0.508819 -0.496001 0.709973 -0.532088 -0.461324 -0.0291854 -0.676746 0.735638 58.3067 -129.393 577.174 
-0.699279 -0.515964 -0.494762 0.714378 -0.529505 -0.45748 -0.0259354 -0.673353 0.738866 56.9072 -128.875 577.536 
-0.698476 -0.523332 -0.488115 0.71525 -0.532838 -0.452218 -0.0234255 -0.664987 0.746488 56.185 -128.28 577.92 
-0.692493 -0.531665 -0.487633 0.721216 -0.526428 -0.450244 -0.0173239 -0.663479 0.747994 55.5035 -127.511 578.014 
-0.687537 -0.54047 -0.484959 0.726045 -0.522971 -0.446497 -0.0123007 -0.659085 0.751968 54.5444 -126.834 578.133 
-0.687602 -0.542277 -0.482845 0.725987 -0.524514 -0.444777 -0.0120662 -0.656369 0.754344 54.276 -125.932 578.347 
-0.686366 -0.548657 -0.477365 0.727216 -0.524676 -0.442573 -0.00764078 -0.650914 0.759113 53.7761 -125.278 578.429 
-0.68289 -0.557601 -0.471957 0.730514 -0.518245 -0.444714 0.00338459 -0.648461 0.76124 53.0059 -123.823 578.077 
-0.679185 -0.560956 -0.473325 0.733964 -0.517181 -0.44025 0.00216661 -0.646414 0.762984 52.2195 -123.454 578.291 
-0.683336 -0.554914 -0.47447 0.730099 -0.517122 -0.446698 0.00252115 -0.651655 0.758511 53.0709 -122.184 578.339 
-0.679151 -0.560426 -0.474002 0.733979 -0.513817 -0.444146 0.00536158 -0.649549 0.760301 51.8819 -120.762 578.493 
-0.677163 -0.559648 -0.47775 0.735821 -0.511257 -0.444053 0.00426068 -0.652234 0.758006 51.9747 -120.972 578.454 
-0.678221 -0.565704 -0.469037 0.734819 -0.515466 -0.440835 0.00761029 -0.64364 0.765291 51.7447 -119.548 578.717 
-0.685574 -0.560144 -0.465002 0.727909 -0.51713 -0.45025 0.0117391 -0.647158 0.762265 52.1642 -117.432 578.752 
-0.679474 -0.568347 -0.464002 0.733582 -0.514907 -0.443541 0.0131679 -0.641757 0.766795 51.438 -117.364 578.938 
-0.674526 -0.573546 -0.464822 0.737999 -0.507418 -0.444842 0.0192789 -0.643095 0.765544 50.4611 -115.446 578.981 
-0.675596 -0.570402 -0.467131 0.737209 -0.514398 -0.438083 0.00959313 -0.640341 0.768031 51.368 -115.413 579.714 
-0.678532 -0.569066 -0.464497 0.734487 -0.516053 -0.440701 0.0110836 -0.640197 0.768131 51.3785 -113.739 579.861 
-0.672369 -0.576633 -0.464129 0.740118 -0.513485 -0.434233 0.0120707 -0.635474 0.772028 50.8089 -113.527 580.038 
-0.672224 -0.569514 -0.473043 0.74032 -0.511494 -0.436234 0.0064831 -0.643449 0.765462 51.3667 -112.866 580.449 
-0.672758 -0.573106 -0.467917 0.739855 -0.51823 -0.429013 0.00338186 -0.634812 0.772659 51.5146 -111.723 581.099 
-0.666674 -0.572938 -0.476747 0.745309 -0.505792 -0.434383 0.00774099 -0.644915 0.764215 51.1459 -110.779 580.995 
-0.66752 -0.575116 -0.472927 0.744473 -0.504147 -0.437715 0.013313 -0.644264 0.764687 51.0255 -109.888 581.01 
-0.664715 -0.57863 -0.47259 0.746855 -0.498555 -0.440057 0.0190184 -0.645468 0.763551 50.6765 -109.769 580.759 
-0.671727 -0.570935 -0.472035 0.74069 -0.506694 -0.441179 0.0127079 -0.645983 0.763247 51.6135 -110.162 581.123 
-0.670465 -0.575945 -0.467722 0.741884 -0.512572 -0.432294 0.00923697 -0.636833 0.770947 51.6868 -110.867 581.548 
-0.673579 -0.574517 -0.464996 0.739074 -0.51689 -0.431965 0.00781965 -0.634629 0.772778 52.2467 -111.163 581.911 
-0.675459 -0.576843 -0.459355 0.737365 -0.522501 -0.428119 0.00694472 -0.627889 0.778272 52.6741 -111.99 582.167 
-0.676089 -0.575469 -0.460152 0.736812 -0.52511 -0.425872 0.00344621 -0.626972 0.779034 52.8281 -112.521 582.428 
-0.678234 -0.573574 -0.45936 0.734845 -0.52854 -0.425027 0.000995299 -0.625826 0.779963 53.4063 -113.819 582.554 
-0.680018 -0.570564 -0.46047 0.733194 -0.530618 -0.42529 -0.00167816 -0.626818 0.779164 53.7996 -115.649 582.477 
-0.693319 -0.555051 -0.459595 0.720555 -0.543213 -0.430952 -0.0104567 -0.62995 0.776565 55.1546 -116.333 582.656 
-0.693596 -0.548993 -0.466403 0.720284 -0.538207 -0.437634 -0.0107625 -0.639483 0.76873 55.4319 -117.48 581.647 
-0.69596 -0.54247 -0.470496 0.717885 -0.54092 -0.438231 -0.0167724 -0.642752 0.76589 55.6604 -118.255 581.068 
-0.703799 -0.521213 -0.482705 0.70912 -0.5562 -0.433348 -0.0426128 -0.647285 0.761056 57.4851 -120.08 581.097 
-0.712984 -0.490349 -0.50121 0.697495 -0.56917 -0.435367 -0.071791 -0.660001 0.747827 59.7714 -121.364 580.967 
-0.719188 -0.457712 -0.522751 0.688823 -0.568278 -0.450091 -0.0910552 -0.683783 0.723982 62.0236 -122.277 580.065 
-0.720175 -0.423088 -0.549859 0.686172 -0.551498 -0.474361 -0.102549 -0.71892 0.687487 63.6819 -122.372 578.725 
-0.725698 -0.384477 -0.570561 0.675484 -0.555693 -0.484691 -0.130703 -0.737144 0.662974 66.3669 -123.015 578.722 
-0.727166 -0.344242 -0.593908 0.668851 -0.550014 -0.500124 -0.154493 -0.760908 0.630199 68.8914 -123.163 578.38 
-0.728388 -0.319157 -0.606293 0.662903 -0.552002 -0.505819 -0.173238 -0.770345 0.613642 70.9765 -123.375 578.181 
-0.72541 -0.287887 -0.625222 0.659297 -0.551577 -0.510969 -0.197756 -0.782868 0.589923 73.2884 -123.119 578.803 
-0.715949 -0.272464 -0.642792 0.663857 -0.550706 -0.50598 -0.216127 -0.788977 0.575155 75.0384 -123.443 578.893 
-0.712919 -0.249133 -0.6555 0.663969 -0.540532 -0.516692 -0.225593 -0.80359 0.550772 77.0826 -121.627 579.1 
-0.71117 -0.235804 -0.662295 0.663928 -0.535041 -0.522427 -0.231164 -0.81125 0.537063 78.287 -119.351 579.339 
-0.700708 -0.211752 -0.6813 0.666564 -0.534767 -0.519343 -0.254364 -0.818037 0.515862 80.2565 -118.452 581.254 
-0.686279 -0.199996 -0.699302 0.67596 -0.530319 -0.511703 -0.268514 -0.823871 0.499136 81.4253 -118.056 583.096 
-0.686475 -0.207972 -0.696779 0.678215 -0.528714 -0.510378 -0.262252 -0.822927 0.503999 80.5443 -115.196 583.782 
-0.681041 -0.197623 -0.705074 0.675479 -0.541283 -0.50074 -0.282686 -0.817287 0.502126 82.7143 -114.644 586.278 
-0.675388 -0.195647 -0.711037 0.680687 -0.536368 -0.498974 -0.283754 -0.820994 0.495431 82.8709 -112.726 587.378 
-0.671596 -0.182869 -0.717996 0.680632 -0.535157 -0.500346 -0.292743 -0.824721 0.483876 84.2491 -111.622 589.206 
-0.667751 -0.185 -0.72103 0.679039 -0.548243 -0.488196 -0.304983 -0.8156 0.491713 84.5083 -111.776 590.719 
-0.667483 -0.172743 -0.724312 0.674432 -0.552535 -0.489741 -0.315608 -0.815392 0.485311 85.295 -111.331 591.672 
-0.663438 -0.17777 -0.726807 0.677524 -0.554922 -0.482724 -0.317507 -0.812686 0.4886 85.1811 -111.084 592.01 
-0.662485 -0.176534 -0.727977 0.679055 -0.551797 -0.484153 -0.316226 -0.81508 0.485434 85.0376 -109.808 592.119 
-0.664833 -0.174296 -0.726374 0.678365 -0.548009 -0.489394 -0.312759 -0.818111 0.482572 85.2595 -108.942 591.979 
-0.665379 -0.173298 -0.726113 0.677455 -0.548751 -0.489823 -0.313569 -0.817826 0.482529 84.9214 -108.391 592.035 
-0.660454 -0.183146 -0.728189 0.677775 -0.562774 -0.473187 -0.323143 -0.806066 0.495819 84.9828 -109.158 592.971 
-0.660541 -0.179095 -0.729117 0.677159 -0.561532 -0.475539 -0.324255 -0.80784 0.492192 85.1897 -109.039 593.194 
