Lower Arm R
-0.0148834 -0.327094 -0.944875 0.327094 0.891393 -0.313732 0.944875 -0.313732 0.0937236 43.3573 -12.3442 -85.718 
-0.796819 -0.203707 -0.568844 0.601344 -0.359078 -0.713756 -0.0588622 -0.910805 0.408619 112.121 -193.625 572.38 
-0.791441 -0.217412 -0.571273 0.608396 -0.37033 -0.701933 -0.0589504 -0.903099 0.425367 111.553 -194.394 572.719 
-0.795175 -0.224459 -0.563306 0.603602 -0.381798 -0.699924 -0.057965 -0.896575 0.439081 111.041 -193.304 572.878 
-0.783411 -0.215142 -0.583079 0.619157 -0.351606 -0.702152 -0.0539514 -0.911091 0.408659 109.966 -191.309 572.81 
-0.790699 -0.208091 -0.575755 0.60926 -0.359613 -0.706739 -0.0599827 -0.909602 0.411128 106.825 -190.05 573.291 
-0.793351 -0.221782 -0.566928 0.605052 -0.389959 -0.694149 -0.0671291 -0.893725 0.443565 108.192 -191.996 573.544 
-0.787127 -0.22422 -0.574592 0.612638 -0.392139 -0.686223 -0.0714547 -0.892161 0.446029 107.206 -192.164 573.782 
-0.796465 -0.198919 -0.571029 0.593158 -0.440513 -0.673877 -0.117499 -0.87543 0.468845 108.623 -194.023 575.153 
-0.805784 -0.193272 -0.559783 0.57642 -0.472776 -0.6665 -0.135836 -0.859725 0.492362 109.273 -194.448 575.627 
-0.795932 -0.182334 -0.577275 0.584966 -0.477212 -0.655807 -0.155906 -0.859664 0.486488 108.981 -195.152 576.15 
-0.790631 -0.17456 -0.586882 0.587748 -0.485028 -0.647533 -0.171621 -0.856899 0.486077 109.33 -195.452 576.31 
-0.779895 -0.14714 -0.60837 0.592151 -0.488353 -0.64099 -0.202783 -0.860151 0.467994 109.663 -195.61 577.182 
-0.772859 -0.155364 -0.615265 0.598161 -0.502085 -0.624591 -0.211876 -0.850748 0.480974 107.639 -194.998 576.943 
-0.765588 -0.152445 -0.625009 0.603863 -0.505332 -0.616431 -0.221865 -0.849352 0.478933 106.795 -194.218 576.967 
-0.759785 -0.130964 -0.636847 0.60458 -0.502649 -0.617921 -0.239185 -0.854512 0.461084 107.662 -193.705 577.773 
-0.75447 -0.11897 -0.645462 0.60461 -0.508645 -0.612966 -0.255386 -0.852717 0.455688 108.996 -193.721 578.653 
-0.746026 -0.113423 -0.656187 0.613679 -0.499675 -0.611329 -0.258541 -0.858755 0.442376 108.175 -192.042 578.626 
-0.746423 -0.0884236 -0.659571 0.607494 -0.495155 -0.621106 -0.27167 -0.864292 0.423312 109.031 -190.902 579.338 
-0.743086 -0.0989021 -0.661847 0.610421 -0.505486 -0.609811 -0.274243 -0.857147 0.435992 106.827 -189.6 579.135 
-0.744001 -0.0775755 -0.66366 0.603364 -0.50474 -0.617405 -0.28708 -0.859778 0.422333 107.724 -188.241 579.53 
-0.746084 -0.0672333 -0.662449 0.597214 -0.507506 -0.621106 -0.294438 -0.859021 0.418795 109.019 -187.842 580.002 
-0.733562 -0.0680284 -0.67621 0.617286 -0.482959 -0.621054 -0.284332 -0.872996 0.396274 106.435 -186.012 578.853 
-0.752038 -0.0619275 -0.656204 0.592048 -0.501025 -0.631231 -0.289684 -0.863214 0.413455 108.145 -184.617 579.48 
-0.749294 -0.0618998 -0.659338 0.591304 -0.510841 -0.62402 -0.29819 -0.857443 0.419372 107.448 -184.952 580.354 
-0.747292 -0.0586726 -0.661901 0.595669 -0.500618 -0.62814 -0.294505 -0.863677 0.409057 108.075 -185.091 580.608 
-0.747612 -0.0748535 -0.659904 0.599935 -0.502327 -0.622692 -0.284877 -0.861431 0.420453 105.885 -184.868 580.379 
-0.743543 -0.0749698 -0.664472 0.614545 -0.468313 -0.634837 -0.263587 -0.880376 0.394283 104.257 -180.977 578.968 
-0.741945 -0.0630189 -0.667492 0.609276 -0.478883 -0.632023 -0.279821 -0.875613 0.393701 105.732 -182.319 580.755 
-0.752774 -0.0594602 -0.655588 0.596107 -0.484069 -0.640572 -0.279261 -0.873007 0.39984 106.007 -181.526 581.016 
-0.753386 -0.0814794 -0.652511 0.594677 -0.507936 -0.623185 -0.280657 -0.857532 0.431126 105.164 -182.395 581.884 
-0.752502 -0.0712112 -0.654729 0.599355 -0.486096 -0.63599 -0.272972 -0.870998 0.40847 104.605 -179.841 581.38 
-0.750529 -0.0791999 -0.656074 0.598454 -0.502535 -0.623948 -0.280284 -0.860921 0.424565 104.067 -180.098 582.347 
-0.748432 -0.0634666 -0.660167 0.599143 -0.49154 -0.631993 -0.284388 -0.868539 0.40591 103.267 -178.909 582.784 
-0.744825 -0.0654636 -0.664041 0.610356 -0.46898 -0.638375 -0.269632 -0.880779 0.389264 102.5 -177.151 582.002 
-0.75226 -0.0685684 -0.655289 0.59556 -0.496152 -0.631775 -0.281803 -0.865523 0.414073 102.53 -177.753 583.063 
-0.745572 -0.0652717 -0.66322 0.601452 -0.494512 -0.627466 -0.287015 -0.866716 0.407953 103.349 -177.937 583.447 
-0.745139 -0.0700943 -0.663216 0.600017 -0.504556 -0.620808 -0.291114 -0.860528 0.418022 104.082 -178.709 583.956 
-0.750631 -0.0550093 -0.658427 0.589226 -0.506606 -0.629414 -0.298939 -0.860421 0.412687 105.243 -178.311 584.726 
-0.741304 -0.0497641 -0.669322 0.598499 -0.500342 -0.625665 -0.303754 -0.864396 0.40069 105.695 -179.505 585.056 
-0.741418 -0.0357108 -0.670092 0.594315 -0.498624 -0.631002 -0.31159 -0.866082 0.390913 105.863 -179.812 585.716 
-0.744546 -0.0326495 -0.666772 0.589948 -0.499629 -0.634296 -0.312429 -0.865623 0.391259 107.041 -180.84 585.732 
-0.748496 -0.0397961 -0.661944 0.590908 -0.49306 -0.638529 -0.300967 -0.869084 0.392569 103.178 -178.464 584.225 
-0.728689 -0.0957557 -0.678118 0.617486 -0.520096 -0.590094 -0.296181 -0.848723 0.438116 104.073 -183.507 584.808 
-0.735054 -0.0343145 -0.67714 0.59808 -0.50325 -0.62373 -0.319367 -0.863459 0.390439 105.106 -180.903 586.035 
-0.737548 -0.0231221 -0.674899 0.591692 -0.503794 -0.629358 -0.325458 -0.863514 0.385254 106.653 -181.443 586.415 
-0.738877 -0.0203001 -0.673535 0.588698 -0.505787 -0.630566 -0.327864 -0.862419 0.385665 106.741 -182.092 586.223 
-0.740629 -0.00741215 -0.671873 0.584763 -0.499611 -0.639093 -0.330938 -0.866218 0.374361 106.976 -182.664 586.372 
-0.749017 0.00574632 -0.662526 0.574502 -0.49247 -0.653773 -0.330031 -0.87031 0.365568 107.699 -183.02 586.114 
-0.75125 0.00136186 -0.660017 0.575681 -0.48776 -0.656263 -0.322823 -0.872976 0.365646 107.983 -184.083 585.559 
-0.757907 0.021092 -0.652021 0.564736 -0.479124 -0.671947 -0.326571 -0.877493 0.35122 108.007 -184.281 585.657 
-0.762122 0.00795592 -0.647384 0.560303 -0.492901 -0.665664 -0.324392 -0.870049 0.371193 108.814 -186.726 585.424 
-0.765619 0.0193467 -0.643004 0.556838 -0.480572 -0.677481 -0.322117 -0.876741 0.357163 108.257 -188.169 584.977 
-0.77723 0.00581285 -0.62919 0.548439 -0.483897 -0.681951 -0.308427 -0.875105 0.372912 109.139 -189.783 583.813 
-0.773192 -0.00540679 -0.63415 0.556992 -0.483886 -0.674991 -0.303207 -0.875114 0.377149 108.962 -193.458 583.52 
-0.781048 -0.00804972 -0.62442 0.549478 -0.483962 -0.681069 -0.296713 -0.875051 0.382421 109.099 -195.273 582.853 
-0.78259 -0.0178286 -0.622282 0.550434 -0.486774 -0.678287 -0.290818 -0.873346 0.390758 109.308 -197.811 582.438 
-0.782115 -0.0214605 -0.622765 0.554234 -0.480758 -0.679482 -0.284817 -0.87659 0.387902 108.975 -200.313 581.839 
-0.787939 -0.0313952 -0.614953 0.551805 -0.479184 -0.682564 -0.273246 -0.877152 0.394892 108.945 -202.453 580.881 
-0.793057 -0.0538765 -0.60676 0.549551 -0.492981 -0.674509 -0.262781 -0.86837 0.42057 109.374 -205.135 579.998 
-0.799941 -0.0634445 -0.596716 0.545606 -0.490871 -0.679234 -0.249817 -0.868918 0.427284 109.363 -207.21 578.733 
-0.795182 -0.0690899 -0.602422 0.552954 -0.490346 -0.673649 -0.248853 -0.868784 0.428118 108.321 -210.46 578.356 
-0.803097 -0.0935347 -0.588461 0.549576 -0.497864 -0.670893 -0.230222 -0.862196 0.451238 108.876 -212.91 577.141 
-0.806472 -0.108504 -0.581232 0.549032 -0.502299 -0.668026 -0.219469 -0.857859 0.464662 107.811 -215.723 576.459 
-0.813374 -0.127803 -0.567529 0.546991 -0.50014 -0.671312 -0.198048 -0.856461 0.476709 107.336 -217.857 575.056 
-0.813831 -0.153804 -0.560377 0.551123 -0.510025 -0.660407 -0.184233 -0.846297 0.49984 105.917 -220.306 574.273 
-0.819165 -0.175347 -0.546098 0.546991 -0.525252 -0.651851 -0.172539 -0.832684 0.526182 105.972 -222.812 573.771 
-0.821511 -0.177022 -0.542017 0.547086 -0.512574 -0.661789 -0.160672 -0.840197 0.517932 104.38 -222.599 573.035 
-0.828484 -0.178443 -0.530823 0.540253 -0.504249 -0.673691 -0.147452 -0.84492 0.514167 102.125 -221.838 572.41 
-0.825446 -0.203304 -0.526598 0.547732 -0.514033 -0.660121 -0.136484 -0.833329 0.535663 100.875 -223.462 572.387 
-0.821514 -0.229167 -0.522108 0.557328 -0.51611 -0.650396 -0.120415 -0.825295 0.551714 99.2829 -224.333 572.007 
-0.821809 -0.248749 -0.512595 0.559362 -0.523355 -0.642817 -0.108369 -0.814999 0.569239 97.8955 -224.457 572.27 
-0.813774 -0.263204 -0.518165 0.572357 -0.517713 -0.635909 -0.100886 -0.814061 0.571949 95.6695 -224.657 572.416 
-0.812522 -0.283066 -0.509589 0.575143 -0.531695 -0.6217 -0.0949635 -0.798231 0.594818 94.4497 -224.321 572.892 
-0.810889 -0.295779 -0.504949 0.578845 -0.532214 -0.617807 -0.0860063 -0.79326 0.602778 92.5196 -223.044 573.144 
-0.799437 -0.325651 -0.504828 0.594959 -0.545566 -0.590237 -0.0832054 -0.77221 0.629896 90.0734 -223.542 573.997 
-0.80344 -0.331176 -0.494779 0.591055 -0.543694 -0.595861 -0.0716735 -0.77118 0.63257 89.3948 -220.853 573.753 
-0.800368 -0.339356 -0.494214 0.595663 -0.543367 -0.591555 -0.0677918 -0.767847 0.637036 88.0264 -219.191 574.123 
-0.787023 -0.352453 -0.506331 0.613232 -0.536584 -0.579675 -0.0673808 -0.766716 0.63844 85.5464 -218.015 574.644 
-0.787193 -0.362141 -0.499181 0.61359 -0.54119 -0.574995 -0.0619224 -0.758925 0.648227 83.801 -215.527 574.799 
-0.78613 -0.369111 -0.495739 0.614998 -0.546916 -0.568031 -0.061461 -0.751425 0.65695 82.8607 -213.272 575.019 
-0.781977 -0.385225 -0.490013 0.620467 -0.556039 -0.553028 -0.0594265 -0.736493 0.67383 81.5493 -211.651 575.396 
-0.779773 -0.389166 -0.490412 0.623329 -0.555718 -0.550126 -0.0584404 -0.734661 0.675913 81.1877 -209.873 575.573 
-0.781779 -0.391345 -0.485459 0.620742 -0.562314 -0.546335 -0.0591744 -0.728458 0.68253 81.0069 -208.197 575.807 
-0.777643 -0.401053 -0.484177 0.626488 -0.558947 -0.543222 -0.052768 -0.725764 0.685917 80.0267 -206.388 575.614 
-0.774039 -0.399044 -0.491555 0.631003 -0.549899 -0.547216 -0.0519424 -0.733739 0.677443 78.9385 -203.87 575.588 
-0.767272 -0.404845 -0.497387 0.639354 -0.543572 -0.543834 -0.0501971 -0.735275 0.675908 77.8869 -202.388 575.735 
-0.763148 -0.415698 -0.494774 0.643894 -0.554094 -0.527617 -0.0548217 -0.721231 0.690521 76.91 -201.766 576.347 
-0.764343 -0.416902 -0.491907 0.642186 -0.560928 -0.522453 -0.0581125 -0.715228 0.69647 76.9977 -200.282 576.718 
-0.763417 -0.417029 -0.493235 0.643423 -0.557899 -0.524171 -0.0565805 -0.71752 0.694236 76.3907 -198.731 576.759 
-0.762057 -0.417822 -0.494665 0.645458 -0.550943 -0.529004 -0.0515027 -0.722417 0.689537 76.4618 -197.017 576.507 
-0.76006 -0.419687 -0.496157 0.647658 -0.551897 -0.525308 -0.0533621 -0.720605 0.691289 75.1034 -195.576 576.695 
-0.763546 -0.418236 -0.492012 0.64364 -0.554502 -0.527499 -0.052202 -0.719448 0.692582 75.0815 -193.736 576.528 
-0.760039 -0.421856 -0.494346 0.647647 -0.554651 -0.522413 -0.0538062 -0.717216 0.694771 74.9807 -193.375 576.603 
-0.760519 -0.415312 -0.499126 0.647051 -0.548885 -0.529197 -0.0541815 -0.725424 0.686166 75.2965 -191.708 576.614 
-0.75829 -0.423185 -0.495894 0.649663 -0.553738 -0.520875 -0.0541689 -0.717139 0.694822 74.9228 -191.712 576.783 
-0.759776 -0.421656 -0.49492 0.648196 -0.550716 -0.525883 -0.0508183 -0.720359 0.691738 74.1594 -191.123 576.643 
-0.766577 -0.415178 -0.489884 0.640327 -0.551695 -0.534428 -0.0483835 -0.723366 0.688767 74.2222 -190.354 576.654 
-0.767836 -0.414317 -0.488641 0.639185 -0.546937 -0.540649 -0.0432555 -0.727461 0.684784 74.3885 -190.192 576.471 
-0.768852 -0.417927 -0.483946 0.638037 -0.55129 -0.537575 -0.0421278 -0.722091 0.690514 75.037 -190.259 576.722 
-0.768846 -0.415921 -0.485679 0.638145 -0.547285 -0.541525 -0.0405727 -0.726283 0.686197 75.1551 -189.899 576.608 
-0.77283 -0.411523 -0.483096 0.633173 -0.551269 -0.543318 -0.0427281 -0.725776 0.686603 75.7147 -189.676 576.638 
-0.77169 -0.406678 -0.488985 0.634215 -0.549601 -0.543793 -0.0475978 -0.729761 0.682043 75.5659 -189.877 576.775 
-0.774716 -0.405088 -0.485508 0.630643 -0.550715 -0.546811 -0.0458694 -0.729805 0.682114 76.0476 -189.722 576.304 
-0.776671 -0.399338 -0.487145 0.628295 -0.546392 -0.553805 -0.0450163 -0.736196 0.67527 75.8938 -189.559 576.014 
-0.778425 -0.394695 -0.488129 0.625594 -0.551971 -0.551325 -0.051828 -0.734536 0.676588 76.3216 -189.991 576.138 
-0.780811 -0.395095 -0.483977 0.622898 -0.552173 -0.554168 -0.0482898 -0.734169 0.677247 76.5101 -190.441 575.737 
-0.77981 -0.397718 -0.483442 0.623764 -0.559093 -0.546199 -0.0530554 -0.727485 0.684069 76.7989 -191.019 575.778 
-0.778639 -0.391444 -0.490401 0.62455 -0.558824 -0.545576 -0.0604853 -0.731086 0.679599 76.4214 -191.566 575.975 
-0.784706 -0.384719 -0.486032 0.616802 -0.5625 -0.550589 -0.0615708 -0.731836 0.678693 76.584 -191.686 575.877 
-0.784742 -0.38708 -0.484095 0.616996 -0.562336 -0.55054 -0.0591209 -0.730716 0.680116 76.5963 -192.036 575.623 
-0.784025 -0.382466 -0.488902 0.617705 -0.558385 -0.553756 -0.0612022 -0.736156 0.674039 76.1926 -192.184 575.525 
-0.790169 -0.367078 -0.490802 0.609141 -0.55879 -0.562762 -0.0676772 -0.743644 0.665141 77.1651 -191.973 575.762 
-0.790928 -0.362772 -0.492776 0.607722 -0.559739 -0.563352 -0.0714575 -0.745042 0.663179 77.2738 -192.817 575.427 
-0.794018 -0.357474 -0.491679 0.603607 -0.559516 -0.567978 -0.0720648 -0.747766 0.66004 77.3056 -193.24 575.158 
-0.794182 -0.357943 -0.491071 0.602863 -0.565635 -0.562683 -0.0763584 -0.742922 0.665009 77.4418 -194.047 575.232 
-0.792932 -0.355727 -0.494689 0.603966 -0.566161 -0.560969 -0.0805218 -0.743586 0.663774 77.9863 -195.228 575.073 
-0.797834 -0.347114 -0.492922 0.597131 -0.567593 -0.566808 -0.083032 -0.746558 0.660118 78.7476 -195.238 574.811 
-0.796483 -0.345874 -0.495969 0.598078 -0.571337 -0.562028 -0.0889747 -0.744274 0.661921 79.2159 -196.666 574.995 
-0.798639 -0.342189 -0.495059 0.594384 -0.577334 -0.559814 -0.0942517 -0.741344 0.664474 79.9258 -197.89 574.932 
-0.800166 -0.335415 -0.497223 0.592357 -0.571946 -0.567441 -0.0940564 -0.748581 0.656338 80.3177 -198.173 574.496 
-0.802968 -0.32749 -0.497988 0.587893 -0.572698 -0.571312 -0.098098 -0.751509 0.652388 80.6551 -198.698 574.419 
-0.805297 -0.326177 -0.49508 0.583903 -0.581038 -0.566967 -0.102728 -0.745656 0.658365 81.2921 -199.879 574.309 
-0.807874 -0.319093 -0.4955 0.579527 -0.583014 -0.569423 -0.107184 -0.747177 0.655925 81.9419 -200.724 574.057 
-0.807476 -0.320146 -0.495468 0.578424 -0.594568 -0.558493 -0.11579 -0.73756 0.66528 82.0585 -202.506 574.225 
-0.804934 -0.327327 -0.494912 0.58006 -0.609717 -0.540162 -0.124946 -0.721873 0.680652 82.8658 -204.805 574.502 
-0.807189 -0.318776 -0.496818 0.575584 -0.611764 -0.542631 -0.130958 -0.723966 0.677291 83.0255 -205.455 574.052 
-0.813998 -0.305676 -0.493933 0.564281 -0.617882 -0.547548 -0.13782 -0.724419 0.675442 84.2185 -206.049 573.652 
-0.814303 -0.302582 -0.495333 0.562028 -0.624263 -0.542605 -0.145035 -0.720236 0.678399 85.2552 -208.093 573.504 
-0.815239 -0.284894 -0.504203 0.55738 -0.622322 -0.549583 -0.157204 -0.729074 0.666136 86.5668 -209.083 573.341 
-0.810506 -0.26564 -0.52203 0.559819 -0.613471 -0.557006 -0.172287 -0.743699 0.645933 87.4861 -210.106 573.355 
-0.812562 -0.243844 -0.529418 0.551521 -0.615532 -0.562978 -0.188595 -0.749439 0.634643 89.493 -210.635 573.341 
-0.810882 -0.221702 -0.54159 0.546524 -0.617786 -0.565377 -0.209241 -0.754446 0.622117 90.991 -210.91 573.594 
-0.807038 -0.198281 -0.556215 0.543172 -0.618763 -0.567535 -0.231634 -0.760142 0.607066 92.7165 -211.077 573.933 
-0.805702 -0.180208 -0.564242 0.540986 -0.611793 -0.577098 -0.241202 -0.770216 0.590413 94.735 -210.564 573.769 
-0.802182 -0.155048 -0.576598 0.537957 -0.606659 -0.585292 -0.25905 -0.779695 0.57006 96.6865 -209.926 574.335 
-0.791618 -0.139776 -0.594814 0.542856 -0.607698 -0.579664 -0.280444 -0.78177 0.556944 97.8923 -209.265 575.202 
-0.781164 -0.122575 -0.612175 0.547518 -0.605681 -0.577385 -0.300009 -0.786209 0.540249 99.7115 -208.35 575.988 
-0.774424 -0.102522 -0.624305 0.546551 -0.605445 -0.578548 -0.318669 -0.789255 0.524905 101.39 -206.519 576.508 
-0.769585 -0.0877015 -0.632493 0.541816 -0.61384 -0.574139 -0.337896 -0.784543 0.51992 102.998 -204.909 577.317 
-0.763316 -0.0741469 -0.641756 0.542887 -0.612084 -0.575001 -0.350174 -0.787308 0.507468 103.636 -202.634 577.574 
-0.76267 -0.0523557 -0.644666 0.53963 -0.600975 -0.5896 -0.356559 -0.79755 0.486599 104.803 -199.954 577.417 
-0.753988 -0.0343468 -0.65599 0.542746 -0.595123 -0.592667 -0.370038 -0.8029 0.467358 104.954 -198.601 578.069 
-0.748012 -0.019736 -0.663392 0.541891 -0.595269 -0.593303 -0.383187 -0.803284 0.455963 105.286 -196.965 578.52 
-0.750087 -0.0112511 -0.661243 0.535778 -0.596487 -0.597615 -0.387699 -0.802543 0.453446 106.645 -195.767 578.674 
-0.744087 -0.00755213 -0.66804 0.541861 -0.591735 -0.596855 -0.390795 -0.806097 0.444395 106.645 -195.072 578.993 
-0.741541 -0.0056512 -0.670884 0.542243 -0.593903 -0.594349 -0.395082 -0.804516 0.443468 106.403 -193.948 579.299 
-0.74236 -0.00482924 -0.669984 0.542721 -0.590707 -0.597091 -0.392881 -0.806871 0.441139 106.137 -192.717 579.183 
-0.740483 0.00186935 -0.672073 0.545665 -0.582107 -0.602827 -0.392346 -0.813109 0.430021 106.184 -191.764 579.117 
-0.744882 0.0109255 -0.667107 0.537836 -0.581849 -0.610069 -0.394821 -0.813223 0.427533 106.573 -190.18 579.194 
-0.738365 0.00454917 -0.674386 0.544697 -0.585591 -0.600323 -0.397645 -0.810593 0.429903 105.879 -190.301 579.245 
-0.74539 0.0105592 -0.666545 0.538734 -0.579366 -0.611637 -0.392632 -0.814998 0.426165 105.906 -188.776 578.534 
-0.74368 -0.00682634 -0.668501 0.546009 -0.5832 -0.601458 -0.385764 -0.8123 0.437442 105.193 -189.078 578.174 
-0.742235 -0.00727764 -0.670101 0.550429 -0.57699 -0.603415 -0.38225 -0.816718 0.432268 104.267 -188.686 577.743 
-0.751216 -0.0123478 -0.659941 0.546818 -0.57162 -0.611752 -0.369682 -0.820425 0.436163 103.671 -186.984 576.935 
-0.748675 -0.0147699 -0.662773 0.551658 -0.568304 -0.610494 -0.367639 -0.822686 0.433623 103.211 -187.088 576.932 
-0.750975 -0.0187896 -0.660063 0.548557 -0.574199 -0.607766 -0.367587 -0.8185 0.441517 103.592 -186.565 577.209 
-0.745737 -0.0194103 -0.665958 0.553184 -0.575111 -0.60269 -0.371301 -0.817844 0.439619 102.974 -186.87 577.521 
-0.742948 -0.0231773 -0.668948 0.556154 -0.577481 -0.597669 -0.372452 -0.816074 0.441929 102.268 -186.673 577.744 
-0.745615 -0.0196083 -0.666088 0.554933 -0.571661 -0.604361 -0.368926 -0.820255 0.437121 102.291 -185.871 577.905 
-0.745609 -0.0219583 -0.666021 0.556615 -0.570051 -0.604335 -0.366396 -0.821315 0.437258 101.797 -185.6 577.947 
-0.749067 -0.0290679 -0.661857 0.551395 -0.581144 -0.598527 -0.367236 -0.813281 0.451344 101.733 -185.857 578.504 
-0.746556 -0.0301571 -0.664639 0.554867 -0.579445 -0.596963 -0.367119 -0.814453 0.449322 101.284 -186.105 578.845 
-0.7473 -0.0300996 -0.663804 0.55456 -0.578587 -0.598079 -0.366067 -0.815064 0.449071 101.169 -185.392 579.126 
-0.7452 -0.0336766 -0.66599 0.56015 -0.573497 -0.597773 -0.361812 -0.818515 0.446234 100.453 -185.37 579.153 
-0.745086 -0.0313918 -0.666229 0.559969 -0.572086 -0.599293 -0.362327 -0.819592 0.443832 100.237 -185.119 579.7 
-0.745356 -0.0323239 -0.665882 0.560824 -0.570434 -0.600068 -0.360445 -0.820707 0.443305 100.279 -185.13 579.92 
-0.741669 -0.0300566 -0.670092 0.562633 -0.57178 -0.597085 -0.365199 -0.819856 0.440983 100.286 -186.098 580.857 
-0.743611 -0.0293172 -0.66797 0.565583 -0.560402 -0.605033 -0.356593 -0.827701 0.433302 100.509 -186.019 580.53 
-0.747943 -0.0318968 -0.662997 0.561238 -0.563686 -0.606028 -0.354391 -0.825373 0.439507 100.936 -186.547 580.811 
-0.745647 -0.0303812 -0.665648 0.561819 -0.565799 -0.603515 -0.358288 -0.823983 0.438956 100.985 -187.983 581.208 
-0.751846 -0.0325074 -0.658537 0.55778 -0.563942 -0.608975 -0.35158 -0.825174 0.44213 101.555 -189.086 580.807 
-0.755482 -0.0400918 -0.653942 0.556175 -0.566803 -0.607785 -0.346289 -0.822877 0.450508 102.086 -190.757 580.471 
-0.755097 -0.0348044 -0.654689 0.556978 -0.560814 -0.612586 -0.345838 -0.827209 0.442854 101.841 -192.058 580.529 
-0.75588 -0.0333491 -0.653861 0.556379 -0.559127 -0.61467 -0.345092 -0.828411 0.441188 101.846 -194.42 580.416 
-0.765425 -0.0457788 -0.641894 0.548218 -0.568764 -0.613159 -0.337017 -0.821225 0.460444 102.901 -197.17 579.926 
-0.768494 -0.0518783 -0.63775 0.548996 -0.56542 -0.615551 -0.328663 -0.82317 0.463003 102.508 -199.997 579.41 
-0.765023 -0.0602662 -0.641177 0.555269 -0.566048 -0.609316 -0.326216 -0.822166 0.466504 102.263 -204.417 579.444 
-0.77295 -0.0427036 -0.633028 0.546965 -0.550462 -0.63073 -0.321524 -0.833766 0.448838 102.432 -205.649 578.824 
-0.774511 -0.058456 -0.629853 0.545819 -0.565017 -0.618738 -0.319709 -0.823005 0.469519 102.436 -209.248 578.857 
-0.773991 -0.070825 -0.629223 0.55068 -0.565804 -0.613691 -0.312552 -0.821492 0.47693 102.06 -213.016 578.707 
-0.775079 -0.0760377 -0.627272 0.553831 -0.559651 -0.616492 -0.304177 -0.825232 0.475886 101.106 -215.3 578.091 
-0.785672 -0.0831538 -0.61303 0.545073 -0.561724 -0.622383 -0.2926 -0.823135 0.486656 101.575 -217.211 577.378 
-0.794709 -0.0978985 -0.599044 0.539429 -0.566406 -0.623057 -0.278305 -0.818291 0.502937 101.313 -219.795 576.99 
-0.797821 -0.1154 -0.591748 0.541022 -0.570152 -0.61824 -0.266041 -0.813393 0.517314 100.996 -222.709 576.648 
-0.802098 -0.127507 -0.583421 0.539877 -0.57244 -0.617126 -0.255286 -0.809971 0.527992 99.9748 -225.456 576.516 
-0.80397 -0.141984 -0.577471 0.53989 -0.581375 -0.608705 -0.2493 -0.801151 0.544065 98.1366 -228.266 576.57 
-0.807474 -0.166739 -0.565847 0.541813 -0.588974 -0.599623 -0.233289 -0.790764 0.565923 95.9474 -230.355 575.907 
-0.81363 -0.180297 -0.552719 0.537782 -0.594619 -0.597677 -0.220898 -0.783531 0.580761 94.2349 -232.148 575.394 
-0.81326 -0.200832 -0.546146 0.543866 -0.596089 -0.590667 -0.206927 -0.777396 0.594001 92.7635 -234.107 575.221 
-0.809817 -0.230956 -0.53931 0.554064 -0.603315 -0.573605 -0.192896 -0.763328 0.61654 89.9696 -235.854 575.054 
-0.811978 -0.253483 -0.525773 0.556838 -0.606461 -0.56757 -0.174991 -0.753625 0.633583 88.1781 -235.673 574.512 
-0.81139 -0.272762 -0.516959 0.558934 -0.620812 -0.549714 -0.170993 -0.734978 0.656177 86.5403 -236.572 575.112 
-0.809755 -0.281023 -0.515094 0.564572 -0.612313 -0.553472 -0.15986 -0.738984 0.654482 85.1213 -235.961 575.069 
-0.80396 -0.300092 -0.513414 0.574025 -0.617182 -0.538127 -0.155382 -0.727345 0.66845 83.4889 -235.922 575.537 
-0.799953 -0.30989 -0.513852 0.579051 -0.623278 -0.525571 -0.157404 -0.717978 0.678035 82.357 -235.44 576.624 
-0.799418 -0.310009 -0.514612 0.581367 -0.615152 -0.532541 -0.151471 -0.724901 0.671993 81.593 -233.674 576.532 
-0.792131 -0.344433 -0.503879 0.592948 -0.630001 -0.501508 -0.144708 -0.696034 0.703275 79.1581 -233.484 577.075 
-0.790426 -0.350075 -0.502667 0.59466 -0.635439 -0.492539 -0.146989 -0.688232 0.710444 78.5881 -231.753 577.603 
-0.785607 -0.362503 -0.501411 0.601401 -0.637818 -0.481149 -0.145391 -0.679543 0.719084 76.6578 -229.848 577.864 
-0.783679 -0.372453 -0.497117 0.606007 -0.634153 -0.480213 -0.136391 -0.677589 0.722683 75.9425 -227.84 577.809 
-0.77963 -0.376375 -0.500518 0.611411 -0.630367 -0.478345 -0.135473 -0.678954 0.721573 75.3782 -226.234 578.09 
-0.781245 -0.376426 -0.497955 0.610833 -0.625356 -0.485605 -0.128605 -0.683544 0.71849 74.6851 -222.887 577.673 
-0.780455 -0.378655 -0.497504 0.612105 -0.624852 -0.484652 -0.12735 -0.682774 0.719446 74.5853 -221.163 577.775 
-0.780439 -0.380183 -0.496363 0.610398 -0.635206 -0.473209 -0.135386 -0.672289 0.727803 74.6293 -219.896 578.293 
-0.774901 -0.385764 -0.500714 0.618273 -0.627276 -0.473564 -0.131401 -0.676543 0.724585 73.7194 -217.65 577.757 
-0.766924 -0.399012 -0.50261 0.627911 -0.628279 -0.45934 -0.132497 -0.667873 0.732387 72.4626 -216.145 577.893 
-0.768221 -0.397105 -0.502139 0.625272 -0.633739 -0.455422 -0.137374 -0.663838 0.735151 73.0067 -213.52 577.863 
-0.76865 -0.391794 -0.505643 0.623439 -0.635788 -0.45508 -0.143184 -0.665034 0.732958 73.7071 -211.094 577.509 
-0.769157 -0.388878 -0.507121 0.623241 -0.631927 -0.460693 -0.14131 -0.670404 0.728416 74.1219 -208.994 576.837 
-0.765423 -0.390027 -0.511865 0.626351 -0.634067 -0.453479 -0.147688 -0.667711 0.729624 73.5108 -207.556 577.122 
-0.762097 -0.392249 -0.515121 0.629999 -0.632781 -0.45021 -0.149364 -0.667629 0.729357 72.6002 -205.54 576.968 
-0.761327 -0.400845 -0.509612 0.632327 -0.632788 -0.446923 -0.143329 -0.662496 0.735225 72.6073 -204.049 576.691 
-0.758408 -0.397465 -0.516564 0.633919 -0.634079 -0.44282 -0.151536 -0.663298 0.732852 72.799 -203.462 577.247 
-0.760362 -0.390239 -0.519194 0.63281 -0.625156 -0.456871 -0.146288 -0.675938 0.722293 73.0586 -201.433 576.806 
-0.758487 -0.387915 -0.52366 0.635054 -0.620352 -0.460292 -0.146299 -0.681678 0.716876 72.6768 -200.036 576.825 
-0.757292 -0.382865 -0.529077 0.635797 -0.617333 -0.463315 -0.14923 -0.68725 0.710927 72.7243 -198.971 577.09 
-0.752958 -0.380577 -0.536857 0.641397 -0.606891 -0.469354 -0.147189 -0.697742 0.701064 72.6045 -198.225 576.757 
-0.753955 -0.381374 -0.534888 0.639187 -0.613824 -0.463314 -0.151631 -0.691211 0.706566 72.5594 -197.056 577.146 
-0.758711 -0.379813 -0.529243 0.63328 -0.620468 -0.462575 -0.152686 -0.68612 0.711285 73.3236 -196.207 577.147 
-0.756227 -0.378958 -0.533396 0.637323 -0.611158 -0.469366 -0.148119 -0.694893 0.703693 72.602 -195.263 576.786 
-0.756433 -0.383471 -0.529866 0.638087 -0.610646 -0.468995 -0.143714 -0.692864 0.706602 71.7982 -194.163 576.665 
-0.759584 -0.376981 -0.530017 0.633238 -0.614648 -0.470337 -0.148465 -0.692887 0.705596 72.0221 -193.645 577.026 
-0.754703 -0.382049 -0.53335 0.638443 -0.614845 -0.462986 -0.151044 -0.68993 0.707942 71.3908 -193.526 577.381 
-0.760762 -0.381594 -0.525001 0.6309 -0.62465 -0.460192 -0.152335 -0.68132 0.715959 72.0065 -193.653 577.789 
-0.755933 -0.385381 -0.529193 0.636202 -0.623008 -0.45509 -0.154308 -0.680692 0.716133 71.33 -194.337 578.313 
-0.761331 -0.384042 -0.522385 0.629713 -0.629837 -0.454715 -0.154388 -0.675142 0.721351 72.1489 -194.016 578.538 
-0.765265 -0.3848 -0.516041 0.624513 -0.638157 -0.450265 -0.156053 -0.666846 0.728673 71.4489 -193.396 578.973 
-0.761257 -0.384676 -0.522027 0.629953 -0.629622 -0.45468 -0.153774 -0.674981 0.721633 70.5624 -192.919 578.817 
-0.76343 -0.386262 -0.517664 0.628239 -0.630168 -0.456293 -0.149966 -0.673565 0.723754 70.6749 -193.069 578.544 
-0.761491 -0.387626 -0.519497 0.630036 -0.630928 -0.452751 -0.152267 -0.672068 0.724665 70.4744 -193.565 578.689 
-0.765264 -0.385796 -0.515298 0.624649 -0.638447 -0.449664 -0.155512 -0.665992 0.729569 70.5148 -194.053 578.999 
-0.766661 -0.37448 -0.521533 0.622902 -0.630729 -0.462788 -0.155641 -0.679665 0.71682 70.5314 -193.8 578.617 
-0.766118 -0.373622 -0.522943 0.622634 -0.633195 -0.459772 -0.159344 -0.677841 0.717733 70.6756 -194.562 578.564 
-0.768362 -0.371587 -0.521097 0.619569 -0.636004 -0.460034 -0.160477 -0.676329 0.718906 70.5144 -194.653 578.429 
-0.771444 -0.368889 -0.518454 0.616125 -0.636599 -0.463823 -0.158948 -0.677246 0.718382 70.3797 -194.041 577.978 
-0.769457 -0.363203 -0.525375 0.617873 -0.63163 -0.468269 -0.161766 -0.684928 0.710426 70.2923 -194.498 577.595 
-0.772509 -0.356529 -0.525468 0.613538 -0.632408 -0.472895 -0.16371 -0.687711 0.707286 69.7366 -193.836 577.09 
-0.777095 -0.352695 -0.521277 0.606922 -0.63922 -0.472274 -0.166642 -0.683376 0.710794 70.6045 -194.197 576.786 
-0.774051 -0.356898 -0.522943 0.610183 -0.640858 -0.465808 -0.168886 -0.679649 0.713831 70.3771 -194.589 576.335 
-0.774359 -0.356049 -0.523065 0.609083 -0.643398 -0.463742 -0.171424 -0.677693 0.715085 71.2687 -195.331 575.794 
-0.772619 -0.355323 -0.526123 0.610303 -0.643984 -0.461317 -0.174898 -0.677517 0.71441 70.7535 -195.676 575.212 
-0.775188 -0.35541 -0.522271 0.605981 -0.651968 -0.455767 -0.178519 -0.669792 0.72077 70.7499 -196.562 574.903 
-0.778281 -0.345992 -0.523992 0.601888 -0.648842 -0.465548 -0.178912 -0.677711 0.71323 71.4542 -196.393 574.179 
-0.779415 -0.347164 -0.521526 0.600834 -0.650051 -0.465221 -0.177511 -0.675951 0.715248 70.6911 -196.289 573.657 
-0.783277 -0.342941 -0.518525 0.594194 -0.658229 -0.462242 -0.182786 -0.670168 0.71935 71.2449 -197.391 573.563 
-0.78749 -0.335919 -0.516738 0.587496 -0.662564 -0.464604 -0.186303 -0.669452 0.719114 72.2558 -198.164 573.382 
-0.785677 -0.335824 -0.519551 0.588236 -0.665576 -0.459333 -0.191545 -0.666506 0.720472 71.952 -199.158 573.532 
-0.786392 -0.33193 -0.52097 0.584802 -0.671702 -0.454777 -0.198982 -0.662297 0.722335 71.8839 -200.147 573.629 
-0.789486 -0.32677 -0.519551 0.581524 -0.669 -0.462891 -0.196321 -0.667577 0.718192 72.7351 -200.791 572.835 
-0.785445 -0.3275 -0.525186 0.585336 -0.668808 -0.458342 -0.201141 -0.667412 0.71701 72.4111 -202.104 572.991 
-0.787746 -0.318074 -0.527527 0.58149 -0.66658 -0.466411 -0.203285 -0.674165 0.710054 73.8077 -202.779 572.625 
-0.788422 -0.325449 -0.52199 0.579331 -0.678132 -0.45223 -0.206801 -0.658953 0.723197 74.2808 -204.596 572.875 
-0.790233 -0.318277 -0.523671 0.576863 -0.674713 -0.460424 -0.206785 -0.665929 0.716783 74.7097 -205.098 572.455 
-0.792967 -0.311318 -0.523722 0.57171 -0.677337 -0.462992 -0.210598 -0.666554 0.71509 75.5086 -206.31 572.246 
-0.795382 -0.297416 -0.52812 0.56484 -0.679733 -0.467887 -0.219823 -0.670452 0.708641 77.0252 -207.709 572.181 
-0.798534 -0.28848 -0.52832 0.558879 -0.681334 -0.472692 -0.2236 -0.672728 0.705294 78.3461 -209.326 571.823 
-0.798441 -0.282031 -0.531931 0.553917 -0.690328 -0.465428 -0.235941 -0.666262 0.707408 78.8611 -210.912 572.157 
-0.801215 -0.265763 -0.53612 0.547823 -0.686216 -0.478536 -0.240717 -0.677109 0.695398 79.837 -211.556 571.6 
-0.800952 -0.259734 -0.539458 0.54675 -0.684497 -0.482212 -0.24401 -0.681177 0.690259 80.8979 -212.64 570.997 
-0.802177 -0.254644 -0.540063 0.540974 -0.692768 -0.476884 -0.252703 -0.674706 0.693479 82.6352 -213.763 570.868 
-0.802166 -0.254887 -0.539965 0.53524 -0.707784 -0.461041 -0.264665 -0.658842 0.704187 84.2534 -215.052 571.188 
-0.79952 -0.245254 -0.548287 0.534128 -0.707835 -0.462252 -0.274727 -0.662435 0.696926 85.8089 -215.348 570.946 
-0.796559 -0.231318 -0.558557 0.532532 -0.705827 -0.467138 -0.286187 -0.669552 0.685417 87.5499 -215.499 570.675 
-0.791532 -0.218492 -0.570735 0.53302 -0.703655 -0.46985 -0.298942 -0.676114 0.673427 89 -215.755 570.523 
-0.787405 -0.224527 -0.574091 0.536219 -0.708875 -0.458219 -0.304076 -0.668642 0.678568 89.8899 -216.076 569.973 
-0.788184 -0.201207 -0.58162 0.527886 -0.706862 -0.470831 -0.316391 -0.678131 0.663352 91.3948 -215.28 569.624 
-0.790043 -0.183512 -0.584941 0.52171 -0.702333 -0.484299 -0.321948 -0.687786 0.650614 93.0816 -214.396 568.872 
-0.787933 -0.160103 -0.594583 0.517007 -0.696501 -0.497584 -0.334463 -0.699466 0.631571 94.8687 -213.243 568.564 
-0.787678 -0.128207 -0.6026 0.508986 -0.686521 -0.519251 -0.347126 -0.715717 0.606014 97.2643 -212.029 567.955 
-0.785923 -0.101593 -0.609922 0.502153 -0.680431 -0.533718 -0.360787 -0.725735 0.585782 98.7647 -211.023 567.903 
-0.783321 -0.0848839 -0.615795 0.500357 -0.673913 -0.543583 -0.368851 -0.733917 0.570363 100.845 -210.433 567.784 
-0.775756 -0.075369 -0.626516 0.504552 -0.670363 -0.544095 -0.378986 -0.738195 0.558066 102.122 -209.932 568.001 
-0.773773 -0.0579832 -0.630804 0.500835 -0.665721 -0.553154 -0.387866 -0.743944 0.544158 103.867 -208.288 568.245 
-0.769448 -0.057189 -0.636144 0.500798 -0.672189 -0.54531 -0.396423 -0.738167 0.545855 105.135 -207.809 569.044 
-0.76375 -0.0508309 -0.643508 0.506579 -0.665059 -0.548702 -0.40008 -0.745058 0.533689 105.589 -206.091 569.481 
-0.761165 -0.0289279 -0.647913 0.503589 -0.655884 -0.56233 -0.408688 -0.754307 0.513804 106.038 -203.56 570.464 
-0.760294 -0.0339408 -0.648692 0.506016 -0.657125 -0.558689 -0.40731 -0.753016 0.516783 106.555 -201.948 571.095 
-0.759419 -0.0343515 -0.649694 0.506585 -0.657816 -0.557359 -0.408233 -0.752394 0.516961 106.251 -200.36 572.215 
-0.758614 -0.0313343 -0.650786 0.512048 -0.646305 -0.56577 -0.402879 -0.762435 0.506341 106.047 -197.996 572.564 
-0.749185 -0.0210765 -0.662025 0.52065 -0.636585 -0.568931 -0.409444 -0.770918 0.487894 105.207 -196.747 573.884 
-0.75381 -0.0262288 -0.656569 0.517683 -0.639096 -0.568824 -0.404691 -0.768679 0.495336 105.315 -194.577 574.322 
-0.758246 -0.0293766 -0.651306 0.514211 -0.641092 -0.569726 -0.40081 -0.766901 0.501212 105.276 -193.379 574.904 
-0.752654 -0.0249738 -0.657943 0.519744 -0.635993 -0.57042 -0.404202 -0.77129 0.491663 104.855 -192.635 575.825 
-0.750553 -0.0377865 -0.65973 0.528691 -0.633269 -0.565204 -0.396429 -0.773008 0.49528 103.813 -192.275 575.946 
-0.751242 -0.0458908 -0.65843 0.524314 -0.64744 -0.553096 -0.400912 -0.760733 0.510445 104.133 -191.552 577.123 
-0.75163 -0.0494848 -0.657727 0.527029 -0.644653 -0.553771 -0.396602 -0.762871 0.510621 103.145 -190.057 577.024 
-0.751096 -0.0439661 -0.658728 0.53091 -0.6333 -0.563085 -0.392416 -0.772656 0.499011 102.882 -188.985 576.906 
-0.756901 -0.0455524 -0.651941 0.527032 -0.632425 -0.567693 -0.386444 -0.773281 0.502691 102.452 -187.523 576.772 
-0.755933 -0.045848 -0.653042 0.526054 -0.636296 -0.564264 -0.389658 -0.770081 0.505116 102.034 -187.426 577.597 
-0.749408 -0.0601395 -0.659372 0.535599 -0.640538 -0.550312 -0.389257 -0.765567 0.512235 100.743 -187.894 578.044 
-0.747305 -0.0584273 -0.661908 0.538579 -0.636695 -0.551862 -0.38919 -0.768899 0.507273 100.318 -187.235 578.334 
-0.746975 -0.0681922 -0.661346 0.541355 -0.639839 -0.545472 -0.385959 -0.765477 0.51486 99.4271 -187.075 578.389 
-0.745512 -0.0819964 -0.661429 0.547892 -0.640481 -0.538143 -0.379507 -0.763583 0.522412 98.7772 -187.733 578.428 
-0.745708 -0.0706865 -0.662512 0.543916 -0.638874 -0.544055 -0.384804 -0.766057 0.514861 98.1433 -187.009 578.916 
-0.752419 -0.0718952 -0.65475 0.542552 -0.631299 -0.554164 -0.373501 -0.772199 0.514009 98.4664 -186.406 578.534 
-0.753019 -0.0770236 -0.653475 0.538682 -0.642481 -0.545013 -0.377866 -0.76242 0.525292 98.4083 -187.567 579.799 
-0.755383 -0.0776985 -0.650661 0.538076 -0.640255 -0.548222 -0.373992 -0.764223 0.525446 98.104 -187.508 580.076 
-0.755639 -0.0749525 -0.650686 0.541878 -0.629595 -0.556757 -0.367938 -0.773299 0.516361 97.5606 -188.335 580.124 
-0.760193 -0.0694781 -0.645971 0.538212 -0.624263 -0.566236 -0.363915 -0.778118 0.511955 97.7666 -188.758 580.233 
-0.762837 -0.0659255 -0.643221 0.531925 -0.629555 -0.566318 -0.367608 -0.774154 0.515315 98.0324 -189.649 580.548 
-0.762388 -0.0632747 -0.644019 0.538753 -0.613374 -0.57751 -0.358483 -0.787253 0.501719 97.242 -190.583 579.601 
-0.764421 -0.0662389 -0.641305 0.535775 -0.61856 -0.574742 -0.358615 -0.78294 0.50833 97.4271 -192.522 579.676 
-0.77226 -0.0692037 -0.631527 0.530026 -0.618237 -0.580392 -0.350268 -0.782938 0.51412 98.3419 -194.46 578.772 
-0.773477 -0.0785538 -0.628938 0.528807 -0.627021 -0.57202 -0.349423 -0.775031 0.526527 98.4263 -197.699 578.782 
-0.783422 -0.0775888 -0.616628 0.519237 -0.626948 -0.5808 -0.34153 -0.775187 0.531452 99.0901 -200.237 578.144 
-0.784586 -0.0856313 -0.614078 0.51631 -0.638605 -0.57062 -0.34329 -0.764755 0.545254 98.6575 -202.865 578.409 
-0.781662 -0.086159 -0.617723 0.524071 -0.627719 -0.575602 -0.338163 -0.773657 0.535818 97.8373 -205.874 577.718 
-0.785594 -0.0898905 -0.612178 0.517813 -0.637092 -0.570949 -0.338691 -0.765528 0.547043 97.0501 -208.52 577.735 
-0.792971 -0.0857191 -0.603199 0.514516 -0.624453 -0.587649 -0.326296 -0.776344 0.539277 97.2078 -210.298 576.357 
-0.800275 -0.107139 -0.589985 0.508047 -0.643775 -0.572225 -0.31851 -0.757677 0.569629 97.4935 -214.474 576.008 
-0.802917 -0.107237 -0.586366 0.508594 -0.636292 -0.580055 -0.310896 -0.763958 0.56543 96.7245 -217.792 575.368 
-0.811297 -0.103724 -0.57536 0.49885 -0.636015 -0.588755 -0.304869 -0.764673 0.56774 96.4482 -220.204 574.69 
-0.811514 -0.134517 -0.568639 0.506916 -0.646121 -0.570581 -0.290656 -0.751287 0.592526 94.8388 -225.069 573.88 
-0.811525 -0.141836 -0.566843 0.508792 -0.648555 -0.566133 -0.28733 -0.747836 0.598484 93.7176 -228.423 573.59 
-0.820023 -0.153483 -0.551367 0.501879 -0.655897 -0.563841 -0.2751 -0.739082 0.61488 92.6355 -231.57 573.134 
-0.824493 -0.176586 -0.537614 0.504598 -0.659421 -0.557264 -0.256109 -0.730739 0.632794 90.5231 -234.013 572.071 
-0.824931 -0.195968 -0.530175 0.509236 -0.664719 -0.546651 -0.245291 -0.720933 0.648141 88.8376 -236.717 571.703 
-0.832337 -0.213448 -0.511522 0.505063 -0.672219 -0.541324 -0.22831 -0.708915 0.667318 87.8805 -238.613 570.957 
-0.828519 -0.237019 -0.507324 0.515053 -0.678065 -0.524354 -0.219717 -0.695736 0.683868 86.3475 -240.672 571.044 
-0.829658 -0.256451 -0.495884 0.520123 -0.677788 -0.519687 -0.20283 -0.689083 0.695719 84.4974 -241.052 570.405 
-0.827121 -0.278978 -0.487896 0.527554 -0.684728 -0.502826 -0.193798 -0.673289 0.713529 82.5971 -241.692 570.433 
-0.822335 -0.289655 -0.48976 0.533189 -0.692813 -0.485509 -0.198682 -0.660386 0.724166 81.7368 -242.43 571.276 
-0.817985 -0.318983 -0.478696 0.547016 -0.688797 -0.475743 -0.17797 -0.651005 0.737916 80.4351 -242.281 570.515 
-0.820374 -0.334855 -0.463528 0.547855 -0.692505 -0.469351 -0.163831 -0.638989 0.751566 78.9332 -240.462 570.325 
-0.805618 -0.363096 -0.468124 0.572382 -0.680884 -0.456919 -0.152833 -0.636048 0.756363 76.0716 -239.99 570.207 
-0.8102 -0.375859 -0.449784 0.568857 -0.689226 -0.448741 -0.141339 -0.619433 0.772221 74.9457 -237.528 570.379 
-0.801324 -0.398324 -0.446337 0.582559 -0.689228 -0.4308 -0.13603 -0.605228 0.784343 73.7675 -236.262 570.664 
-0.797998 -0.412498 -0.439367 0.585834 -0.702017 -0.404932 -0.141409 -0.580531 0.801865 73.3871 -234.81 571.852 
-0.785463 -0.41999 -0.454595 0.604526 -0.678054 -0.418079 -0.132651 -0.6032 0.786482 71.7203 -231.837 571.337 
-0.778069 -0.432146 -0.455915 0.614814 -0.672785 -0.411537 -0.128888 -0.600507 0.789164 70.4045 -229.107 571.7 
-0.770302 -0.438817 -0.462682 0.625359 -0.661777 -0.413493 -0.124744 -0.607857 0.784187 69.4776 -226.621 571.885 
-0.768253 -0.438459 -0.466413 0.628194 -0.656519 -0.417559 -0.123127 -0.613788 0.77981 68.682 -223.659 572.035 
-0.771551 -0.436918 -0.462398 0.62239 -0.668872 -0.406497 -0.131679 -0.601425 0.788003 69.2463 -221.164 573.091 
-0.764776 -0.45173 -0.459409 0.632599 -0.661718 -0.402426 -0.122211 -0.598388 0.791831 67.6314 -218.038 573.032 
-0.760645 -0.45683 -0.461221 0.638785 -0.653281 -0.40642 -0.115642 -0.603763 0.788731 66.5234 -215.373 572.904 
-0.772242 -0.443569 -0.45485 0.621966 -0.673881 -0.398801 -0.129619 -0.590872 0.796284 67.9001 -213.789 574.097 
-0.770889 -0.443082 -0.457611 0.623746 -0.67073 -0.401325 -0.129114 -0.59481 0.79343 67.5037 -211.23 574.221 
-0.772973 -0.442522 -0.454628 0.621031 -0.674296 -0.399555 -0.129741 -0.591184 0.796033 67.4782 -208.823 574.485 
-0.77336 -0.442257 -0.454228 0.619337 -0.680085 -0.392308 -0.135413 -0.584715 0.799857 67.677 -207.54 575.252 
-0.767579 -0.453996 -0.452448 0.625792 -0.683454 -0.375864 -0.138587 -0.571644 0.808713 66.5741 -206.76 575.724 
-0.767462 -0.450645 -0.455984 0.626815 -0.676737 -0.386172 -0.134554 -0.58219 0.801842 66.534 -204.35 575.395 
-0.771691 -0.450019 -0.449417 0.621776 -0.682421 -0.384313 -0.133743 -0.576007 0.80643 66.5077 -202.803 575.629 
-0.770577 -0.448403 -0.452929 0.624365 -0.673794 -0.395182 -0.12798 -0.587311 0.799179 66.1176 -200.23 575.425 
-0.770506 -0.4473 -0.454139 0.622084 -0.683063 -0.382669 -0.139038 -0.577361 0.804563 65.9149 -199.773 576.368 
-0.766193 -0.45461 -0.454179 0.628354 -0.678061 -0.381319 -0.134609 -0.577549 0.805182 64.6245 -198.831 576.424 
-0.767389 -0.449601 -0.457136 0.627393 -0.673592 -0.390707 -0.132261 -0.586628 0.798983 64.7926 -197.223 576.229 
-0.767306 -0.445457 -0.461312 0.628504 -0.665261 -0.403002 -0.127373 -0.599162 0.790431 64.9526 -195.977 575.787 
-0.769145 -0.437911 -0.465456 0.624718 -0.668711 -0.403178 -0.1347 -0.600881 0.787908 65.6956 -195.797 576.317 
-0.772414 -0.43291 -0.464722 0.620273 -0.67147 -0.405449 -0.136523 -0.601428 0.787175 65.6727 -195.42 576.515 
-0.771987 -0.435893 -0.462638 0.620352 -0.675322 -0.398877 -0.138562 -0.594926 0.791747 64.7576 -195.697 576.777 
-0.76959 -0.440738 -0.46204 0.623189 -0.676123 -0.393055 -0.139162 -0.59043 0.795001 64.2971 -195.925 576.917 
-0.769297 -0.438514 -0.464637 0.624775 -0.668386 -0.403628 -0.13356 -0.600803 0.78816 64.5338 -195.158 576.279 
