Lower Arm R
-0.0148834 -0.327094 -0.944875 0.327094 0.891393 -0.313732 0.944875 -0.313732 0.0937236 43.3573 -12.3442 -85.718 
-0.66512 -0.23477 -0.708872 0.741827 -0.0990585 -0.663235 0.0854879 -0.966991 0.240045 97.168 -97.4303 578.843 
-0.662914 -0.240855 -0.708897 0.743883 -0.104696 -0.660059 0.0847598 -0.964898 0.248572 97.0981 -98.6004 578.233 
-0.666089 -0.237498 -0.707051 0.741567 -0.109164 -0.661938 0.0800244 -0.965235 0.248833 97.2465 -97.7671 578.341 
-0.656226 -0.250418 -0.7118 0.750653 -0.120721 -0.649575 0.0767357 -0.960582 0.267198 95.9121 -99.6466 577.961 
-0.666589 -0.250327 -0.702137 0.742633 -0.141548 -0.65457 0.0644708 -0.957758 0.280255 96.1393 -98.6195 578.127 
-0.667345 -0.240836 -0.704734 0.744152 -0.177732 -0.643933 0.0298283 -0.954154 0.297827 95.2417 -98.9174 578.915 
-0.665125 -0.231179 -0.710047 0.746611 -0.188711 -0.637935 0.0134832 -0.954435 0.298117 94.5548 -98.611 579.255 
-0.669606 -0.21704 -0.710298 0.742718 -0.195779 -0.640346 -8.03599e-05 -0.956329 0.292294 95.0485 -98.598 579.395 
-0.674572 -0.204419 -0.709343 0.737659 -0.223787 -0.637009 -0.0285254 -0.95296 0.301751 94.9406 -97.7223 580.472 
-0.674934 -0.199987 -0.710261 0.736974 -0.230341 -0.635463 -0.0365179 -0.952339 0.30285 94.6951 -97.2499 580.734 
-0.674004 -0.190511 -0.71374 0.737368 -0.232104 -0.634364 -0.0448092 -0.953852 0.296916 94.9834 -97.2892 581.13 
-0.670438 -0.186923 -0.718034 0.738432 -0.262445 -0.621162 -0.0723346 -0.946669 0.313983 94.7007 -97.7258 582.35 
-0.668462 -0.17248 -0.723471 0.737614 -0.278405 -0.615157 -0.0953152 -0.94485 0.313327 94.6149 -97.5552 583.081 
-0.664667 -0.163086 -0.729124 0.738538 -0.291075 -0.608143 -0.11305 -0.942698 0.313913 94.3926 -97.5906 583.54 
-0.658498 -0.142423 -0.738984 0.739239 -0.306503 -0.599653 -0.141096 -0.941155 0.307116 94.6366 -97.3782 584.589 
-0.657038 -0.121382 -0.744022 0.737893 -0.305593 -0.601771 -0.154324 -0.944394 0.290353 95.0002 -96.7825 584.652 
-0.646349 -0.130816 -0.751746 0.744357 -0.324787 -0.583478 -0.167829 -0.936697 0.307299 94.4098 -97.0063 584.838 
-0.641782 -0.124728 -0.756677 0.742652 -0.347174 -0.57266 -0.191272 -0.92947 0.315439 94.4379 -97.3007 585.453 
-0.643815 -0.113192 -0.756764 0.733868 -0.371372 -0.568789 -0.216659 -0.921559 0.322163 94.2212 -96.3134 586.529 
-0.632747 -0.131339 -0.76314 0.74057 -0.390579 -0.546814 -0.226249 -0.911152 0.344404 92.599 -96.374 586.944 
-0.624609 -0.124987 -0.770872 0.74619 -0.386694 -0.541913 -0.230359 -0.9137 0.334796 92.1343 -96.3621 587.029 
-0.632967 -0.115478 -0.765518 0.737366 -0.391217 -0.550674 -0.235893 -0.913025 0.332777 92.283 -94.066 587.376 
-0.639005 -0.116721 -0.760296 0.732845 -0.392672 -0.55565 -0.233691 -0.912242 0.336458 92.2039 -93.8546 587.102 
-0.63311 -0.124063 -0.764056 0.736858 -0.398931 -0.545798 -0.237092 -0.90855 0.343984 90.9911 -94.2827 587.385 
-0.635471 -0.12204 -0.76242 0.733655 -0.403232 -0.546951 -0.240682 -0.906924 0.345777 90.4795 -92.9653 587.884 
-0.627762 -0.133034 -0.766954 0.743181 -0.395478 -0.539704 -0.231515 -0.90879 0.347134 89.3951 -93.8626 587.592 
-0.622379 -0.148808 -0.768441 0.74846 -0.400412 -0.528657 -0.229025 -0.904172 0.360584 88.6304 -94.6817 588.097 
-0.622685 -0.155917 -0.766782 0.746902 -0.410544 -0.52306 -0.233244 -0.898412 0.372094 88.205 -94.0718 588.964 
-0.619753 -0.161087 -0.768088 0.749154 -0.413038 -0.517851 -0.23383 -0.896355 0.37666 87.4533 -93.6198 589.321 
-0.627219 -0.143711 -0.76547 0.742001 -0.408965 -0.531209 -0.23671 -0.901163 0.363144 88.7212 -91.3744 590.012 
-0.620241 -0.163262 -0.767234 0.748947 -0.414034 -0.517355 -0.233197 -0.895501 0.379075 87.829 -92.1817 590.374 
-0.61536 -0.16009 -0.771819 0.749314 -0.422729 -0.509735 -0.244667 -0.892005 0.380088 87.8604 -92.409 591.372 
-0.627557 -0.137089 -0.766407 0.73707 -0.421706 -0.528104 -0.250801 -0.89631 0.365688 89.0557 -90.0022 591.968 
-0.636111 -0.137531 -0.759243 0.729743 -0.426912 -0.534063 -0.25068 -0.893774 0.371925 89.1113 -88.7383 592.163 
-0.632287 -0.135979 -0.762709 0.732246 -0.426438 -0.531006 -0.253042 -0.894238 0.369201 88.673 -89.1661 592.383 
-0.631045 -0.137026 -0.763549 0.732966 -0.427667 -0.529021 -0.254055 -0.893491 0.370313 88.9695 -89.6069 592.554 
-0.632622 -0.130698 -0.763354 0.730909 -0.426635 -0.532687 -0.256052 -0.894931 0.365427 89.3398 -89.249 592.729 
-0.632143 -0.129248 -0.763997 0.729771 -0.430721 -0.530957 -0.260444 -0.893183 0.366598 89.6636 -89.2468 592.872 
-0.629963 -0.120457 -0.767228 0.726921 -0.4392 -0.527912 -0.273376 -0.890277 0.364242 89.6275 -88.7127 592.898 
-0.628136 -0.115816 -0.769437 0.728174 -0.436018 -0.528821 -0.274242 -0.892455 0.358213 89.4078 -89.2109 592.471 
-0.621989 -0.11173 -0.775015 0.73337 -0.429982 -0.526579 -0.274408 -0.895898 0.349383 89.4278 -89.6469 592.13 
-0.627876 -0.106028 -0.771059 0.724406 -0.441892 -0.529121 -0.284623 -0.890781 0.35426 90.2737 -88.6259 592.278 
-0.623113 -0.10175 -0.775486 0.726563 -0.442359 -0.525761 -0.289547 -0.891048 0.349567 90.0261 -89.1814 591.721 
-0.636643 -0.0922755 -0.765618 0.716289 -0.43856 -0.542767 -0.285685 -0.893953 0.345302 91.4645 -88.3715 590.606 
-0.629436 -0.0929749 -0.771471 0.721032 -0.440019 -0.535254 -0.289697 -0.893163 0.344002 90.9305 -89.3656 590.279 
-0.626304 -0.0758299 -0.775883 0.720665 -0.435866 -0.539133 -0.297298 -0.896812 0.327632 90.9308 -89.2123 590.134 
-0.638218 -0.0664061 -0.766987 0.711929 -0.430051 -0.55517 -0.292977 -0.900359 0.321743 91.8895 -88.495 589.505 
-0.631787 -0.0619406 -0.772664 0.716778 -0.426152 -0.551929 -0.295085 -0.902529 0.313635 91.8232 -90.3281 588.994 
-0.638224 -0.060725 -0.767453 0.705625 -0.444764 -0.551615 -0.307839 -0.893587 0.326708 92.2271 -90.2453 588.916 
-0.633857 -0.0695085 -0.770322 0.712043 -0.441357 -0.546077 -0.30203 -0.894636 0.32925 91.7747 -91.6475 587.521 
-0.634103 -0.0658609 -0.770439 0.714565 -0.430657 -0.551301 -0.295486 -0.90011 0.320143 92.1188 -92.1765 586.134 
-0.637656 -0.0562382 -0.768267 0.711083 -0.426511 -0.558973 -0.296238 -0.902733 0.311957 91.9 -91.868 585.269 
-0.641096 -0.0745218 -0.763835 0.707899 -0.441856 -0.551039 -0.296441 -0.893986 0.336026 91.9348 -93.1609 584.141 
-0.641195 -0.0692384 -0.764249 0.70696 -0.440645 -0.55321 -0.298459 -0.895008 0.331488 91.4441 -93.4939 583.281 
-0.651568 -0.0684818 -0.755494 0.699811 -0.43865 -0.563784 -0.292788 -0.896046 0.333734 92.1244 -93.2494 582.005 
-0.643335 -0.078039 -0.761598 0.707218 -0.441555 -0.552154 -0.293198 -0.893834 0.339258 90.791 -94.6952 581.165 
-0.642171 -0.0892237 -0.761352 0.71105 -0.440411 -0.548131 -0.286401 -0.893352 0.346261 90.5459 -95.7095 580.019 
-0.65538 -0.0906349 -0.749843 0.699074 -0.448661 -0.556776 -0.285962 -0.889095 0.357404 90.6988 -95.5457 579.247 
-0.651967 -0.102477 -0.751291 0.703986 -0.449887 -0.549551 -0.28168 -0.887187 0.365454 88.9201 -97.0013 578.261 
-0.652734 -0.128237 -0.746656 0.709434 -0.449237 -0.543039 -0.265788 -0.884162 0.384207 87.2492 -98.7155 576.568 
-0.665825 -0.128876 -0.734894 0.69808 -0.455286 -0.55263 -0.263366 -0.880969 0.393107 86.9708 -98.3774 575.954 
-0.669565 -0.139869 -0.729466 0.698875 -0.451199 -0.554973 -0.251511 -0.881395 0.399858 86.3444 -99.6694 574.655 
-0.667057 -0.154141 -0.728887 0.701468 -0.459507 -0.54479 -0.250954 -0.874697 0.414642 85.7459 -101.535 574.318 
-0.669423 -0.159236 -0.725615 0.70003 -0.462158 -0.544398 -0.248661 -0.872384 0.420849 85.5122 -102.588 573.731 
-0.680021 -0.167973 -0.713693 0.692364 -0.467412 -0.549689 -0.241256 -0.867935 0.434149 85.1684 -103.128 572.68 
-0.688878 -0.175701 -0.703262 0.688748 -0.461128 -0.559454 -0.225997 -0.869765 0.438675 84.3133 -103.412 571.063 
-0.689368 -0.194863 -0.697712 0.690154 -0.469352 -0.550816 -0.220139 -0.861242 0.458041 83.7148 -104.97 570.075 
-0.702187 -0.200005 -0.683324 0.675975 -0.488658 -0.551608 -0.223588 -0.849242 0.478327 83.4714 -104.689 569.94 
-0.701037 -0.211914 -0.680911 0.681363 -0.480832 -0.551857 -0.210457 -0.85082 0.481471 82.4188 -105.597 568.692 
-0.713523 -0.214054 -0.667133 0.67085 -0.483395 -0.562398 -0.202105 -0.848829 0.488511 81.9089 -104.922 568.024 
-0.722538 -0.219807 -0.655458 0.662578 -0.490765 -0.56581 -0.197306 -0.843111 0.500235 81.2376 -105.19 567.523 
-0.732321 -0.230462 -0.640776 0.653613 -0.501886 -0.566482 -0.191044 -0.833666 0.518175 80.8138 -105.652 567.103 
-0.743337 -0.247385 -0.621492 0.646326 -0.505053 -0.572002 -0.172382 -0.826875 0.535315 79.552 -105.794 565.968 
-0.750967 -0.264001 -0.605271 0.639834 -0.517561 -0.568106 -0.163284 -0.813901 0.557588 78.6858 -106.571 565.446 
-0.761849 -0.281817 -0.583238 0.631268 -0.524874 -0.570972 -0.145217 -0.803173 0.577777 77.4022 -106.468 564.505 
-0.762657 -0.290978 -0.577657 0.632852 -0.520196 -0.573494 -0.133621 -0.80295 0.580877 76.2522 -107.157 564.162 
-0.767342 -0.302265 -0.56553 0.628056 -0.532187 -0.567736 -0.129361 -0.790831 0.598208 75.3543 -107.481 564.487 
-0.771284 -0.317132 -0.551861 0.625419 -0.538636 -0.564556 -0.118213 -0.780576 0.613781 74.2054 -107.501 564.39 
-0.776826 -0.335505 -0.532896 0.621327 -0.546043 -0.561953 -0.102446 -0.767642 0.632638 73.3018 -107.735 564.198 
-0.771242 -0.345122 -0.534862 0.629143 -0.541043 -0.55808 -0.0967779 -0.766919 0.634405 72.245 -108.025 564.583 
-0.769845 -0.358524 -0.528016 0.632176 -0.542052 -0.553655 -0.0877137 -0.760027 0.643946 71.705 -108.33 565.043 
-0.769628 -0.386053 -0.508564 0.634429 -0.552112 -0.540993 -0.0719324 -0.73901 0.669844 70.8911 -108.457 565.404 
-0.769985 -0.404545 -0.493425 0.634967 -0.561911 -0.530164 -0.0627852 -0.721526 0.689535 69.9756 -108.08 566.009 
-0.767681 -0.413313 -0.489734 0.638651 -0.556442 -0.531505 -0.0528313 -0.720795 0.691133 69.3771 -107.662 566.186 
-0.767523 -0.421119 -0.483289 0.639076 -0.561402 -0.525748 -0.0499169 -0.712381 0.700016 69.0928 -107.455 567.242 
-0.766433 -0.427706 -0.479217 0.640869 -0.559394 -0.525706 -0.0432237 -0.710033 0.702841 68.1527 -106.813 568.037 
-0.763377 -0.435072 -0.477461 0.644848 -0.556527 -0.52388 -0.037794 -0.707807 0.705395 67.0612 -105.949 569.098 
-0.764481 -0.437794 -0.473187 0.64371 -0.557985 -0.523729 -0.0347459 -0.704976 0.708381 67.4977 -105.351 570.655 
-0.7628 -0.440057 -0.4738 0.645946 -0.55238 -0.526908 -0.0298477 -0.707974 0.705608 66.9318 -104.566 571.556 
-0.760844 -0.443538 -0.4737 0.648325 -0.551195 -0.525224 -0.0281443 -0.706724 0.70693 66.8162 -103.733 572.559 
-0.76646 -0.45032 -0.457987 0.64199 -0.559025 -0.52473 -0.0197298 -0.696207 0.717571 66.7653 -102.735 573.024 
-0.764757 -0.450881 -0.460276 0.644053 -0.555501 -0.525942 -0.0185468 -0.69866 0.715214 66.8948 -101.994 573.602 
-0.758538 -0.461087 -0.460456 0.651379 -0.55613 -0.516165 -0.0180759 -0.691462 0.722188 66.3536 -102.108 574.334 
-0.753003 -0.464986 -0.465592 0.657876 -0.546682 -0.518014 -0.0136615 -0.696368 0.717556 65.9609 -100.685 574.652 
-0.756373 -0.464868 -0.460216 0.653897 -0.556557 -0.512507 -0.0178886 -0.68858 0.72494 66.6887 -99.9857 575.552 
-0.75043 -0.468041 -0.466683 0.660719 -0.549882 -0.510961 -0.0174705 -0.691786 0.721892 66.4473 -99.4847 576.053 
-0.754642 -0.466055 -0.461855 0.655889 -0.555227 -0.511405 -0.0180912 -0.688852 0.724677 66.6218 -98.3876 576.984 
-0.751544 -0.473104 -0.459735 0.659456 -0.557148 -0.504684 -0.0173722 -0.682466 0.730712 66.3444 -97.8014 578.031 
-0.751493 -0.475589 -0.457247 0.659575 -0.557208 -0.504461 -0.0148657 -0.680687 0.732424 66.1674 -96.9676 578.609 
-0.751635 -0.474842 -0.45779 0.65942 -0.556282 -0.505684 -0.0145407 -0.681965 0.731241 66.1785 -95.7811 579.325 
-0.750453 -0.486919 -0.446914 0.660837 -0.5638 -0.495403 -0.0107491 -0.667113 0.744879 65.7522 -95.0789 580.142 
-0.748486 -0.487033 -0.450077 0.663092 -0.558774 -0.498078 -0.00891171 -0.671246 0.741182 65.6849 -93.6827 580.987 
-0.742975 -0.491652 -0.454168 0.669306 -0.550268 -0.499235 -0.00446456 -0.674896 0.7379 65.4851 -92.8894 581.404 
-0.74415 -0.492982 -0.45079 0.667917 -0.560573 -0.489537 -0.011368 -0.665378 0.746421 65.575 -92.1406 582.646 
-0.743817 -0.493901 -0.450331 0.668309 -0.559658 -0.490048 -0.00999648 -0.665466 0.746362 65.6699 -91.0336 583.053 
-0.74539 -0.490152 -0.451825 0.666535 -0.559385 -0.492767 -0.0112138 -0.668461 0.743663 66.0511 -90.5277 583.556 
-0.748053 -0.490882 -0.446601 0.663612 -0.559546 -0.496517 -0.00616275 -0.66779 0.744325 65.9709 -90.2157 583.694 
-0.748031 -0.497243 -0.439546 0.66365 -0.564817 -0.490459 -0.00438567 -0.658583 0.752496 65.9066 -90.3881 584.043 
-0.740271 -0.508294 -0.440043 0.672279 -0.55344 -0.491676 0.00637842 -0.659805 0.751411 64.6193 -90.7713 583.689 
-0.739837 -0.508225 -0.440851 0.672784 -0.556933 -0.48702 0.00199146 -0.656912 0.753965 65.1402 -91.2663 584.477 
-0.738683 -0.50844 -0.442536 0.674048 -0.554357 -0.488209 0.00290171 -0.658922 0.752207 64.7531 -91.2773 584.663 
-0.742007 -0.508345 -0.43705 0.670382 -0.566461 -0.479282 -0.00393158 -0.64862 0.761103 65.1021 -91.3968 585.457 
-0.739772 -0.515892 -0.431966 0.672856 -0.565156 -0.477353 0.00213451 -0.643782 0.765207 64.9029 -91.4299 585.406 
-0.743104 -0.513843 -0.428676 0.669176 -0.570286 -0.476422 0.000338189 -0.640891 0.767633 65.1145 -91.1539 585.84 
-0.747836 -0.512293 -0.422255 0.663878 -0.57994 -0.472161 -0.00299812 -0.633424 0.7738 65.4282 -91.4673 586.239 
-0.742181 -0.520171 -0.4226 0.670192 -0.572815 -0.47194 0.00341795 -0.633487 0.773747 65.0371 -92.3982 585.722 
-0.739919 -0.517387 -0.429921 0.672697 -0.569766 -0.472066 -0.000713503 -0.638497 0.769625 65.1037 -92.6512 585.973 
-0.737993 -0.515596 -0.435348 0.674808 -0.565182 -0.474557 -0.00137154 -0.643996 0.765029 65.0083 -93.4051 585.812 
-0.737072 -0.511207 -0.442032 0.675759 -0.565869 -0.47238 -0.00864819 -0.646885 0.762539 64.9913 -94.2296 585.999 
-0.742691 -0.509648 -0.434362 0.669549 -0.57556 -0.469506 -0.0107183 -0.639524 0.768697 65.3891 -95.1341 585.839 
-0.743073 -0.510369 -0.432858 0.6691 -0.578395 -0.466654 -0.0121975 -0.636383 0.771278 64.8064 -96.3478 585.081 
-0.744256 -0.502122 -0.440406 0.667666 -0.576622 -0.470883 -0.0175075 -0.644501 0.764404 65.3434 -97.3512 584.214 
-0.741605 -0.491049 -0.45705 0.670121 -0.573757 -0.470894 -0.031004 -0.655495 0.754563 65.7083 -99.0238 583.88 
-0.749223 -0.472693 -0.463925 0.661146 -0.575437 -0.481414 -0.0393984 -0.667409 0.743649 66.8793 -99.5377 583.025 
-0.757031 -0.452674 -0.47116 0.65142 -0.57873 -0.490638 -0.0505755 -0.67835 0.732997 67.9365 -100.263 581.892 
-0.758558 -0.442854 -0.477987 0.648245 -0.587299 -0.484623 -0.0661039 -0.677467 0.732578 69.0023 -102.368 581.221 
-0.755193 -0.425718 -0.498447 0.652136 -0.56492 -0.505554 -0.0663593 -0.706845 0.704249 69.4859 -102.701 579.32 
-0.754857 -0.415662 -0.507362 0.651906 -0.560603 -0.510631 -0.0721793 -0.716205 0.694148 69.9186 -102.743 578.025 
-0.75287 -0.402578 -0.520691 0.652346 -0.561442 -0.509145 -0.0873674 -0.72299 0.685312 70.8915 -102.975 577.48 
-0.749545 -0.392363 -0.533136 0.655009 -0.555985 -0.511709 -0.0956398 -0.732757 0.673737 71.9231 -103.4 576.28 
-0.747434 -0.365167 -0.554974 0.655137 -0.543697 -0.524586 -0.110176 -0.755676 0.645612 73.4872 -102.981 575.754 
-0.744521 -0.353004 -0.566637 0.655957 -0.544634 -0.522585 -0.124135 -0.760765 0.637046 74.3979 -102.773 574.903 
-0.743403 -0.334387 -0.579257 0.654749 -0.540695 -0.528161 -0.136591 -0.771903 0.620894 76.0537 -102.64 574.518 
-0.742112 -0.304041 -0.597353 0.653014 -0.528914 -0.542055 -0.151142 -0.792345 0.591056 77.5977 -101.697 574.526 
-0.741078 -0.282959 -0.608884 0.651673 -0.521449 -0.55083 -0.16164 -0.805 0.570831 79.6145 -100.613 574.463 
-0.737956 -0.264009 -0.621065 0.651123 -0.520431 -0.552442 -0.177371 -0.812066 0.555957 81.3926 -99.9285 574.875 
-0.732115 -0.243305 -0.636248 0.654589 -0.509721 -0.5583 -0.188472 -0.82522 0.532439 83.3384 -99.8174 575.056 
-0.73412 -0.213172 -0.644691 0.647862 -0.504204 -0.571012 -0.203332 -0.836861 0.508252 85.3831 -98.5176 575.639 
-0.726489 -0.19129 -0.660018 0.651752 -0.49622 -0.573573 -0.217795 -0.846861 0.485172 86.6977 -97.9053 576.331 
-0.724331 -0.178073 -0.66606 0.652047 -0.490816 -0.577871 -0.224009 -0.852872 0.471625 87.9685 -97.0168 576.696 
-0.724075 -0.17396 -0.667423 0.652649 -0.485789 -0.581428 -0.223082 -0.85659 0.465283 89.3143 -96.6425 576.796 
-0.715048 -0.176286 -0.676484 0.661441 -0.48383 -0.573066 -0.22628 -0.857224 0.462565 88.9652 -96.7011 577.25 
-0.713337 -0.178162 -0.677797 0.662059 -0.488504 -0.568368 -0.229845 -0.85418 0.466422 89.1516 -96.4525 577.71 
-0.713145 -0.176252 -0.678498 0.665436 -0.474638 -0.57612 -0.220499 -0.862354 0.45577 88.9752 -95.1441 577.519 
-0.709449 -0.174532 -0.682805 0.667368 -0.477751 -0.571292 -0.226503 -0.860984 0.455417 89.4535 -95.4378 578.45 
-0.708626 -0.176045 -0.68327 0.668851 -0.475983 -0.571034 -0.224697 -0.861655 0.455041 89.919 -94.305 578.827 
-0.710941 -0.181354 -0.679467 0.667597 -0.477783 -0.570998 -0.221085 -0.859555 0.460747 89.9702 -93.6579 579.047 
-0.706779 -0.173983 -0.685708 0.673536 -0.461945 -0.577024 -0.216367 -0.869676 0.443677 89.8829 -92.0116 579.447 
-0.706192 -0.17761 -0.685382 0.674912 -0.461424 -0.575832 -0.213978 -0.86922 0.445725 89.7373 -91.1679 579.794 
-0.707219 -0.18437 -0.682532 0.672536 -0.47316 -0.569048 -0.218032 -0.861468 0.458623 89.9085 -90.9956 580.422 
-0.704446 -0.187165 -0.684636 0.675793 -0.471702 -0.566394 -0.216935 -0.861665 0.458773 89.8971 -90.7443 580.861 
-0.70513 -0.18954 -0.683277 0.676302 -0.469355 -0.567734 -0.213092 -0.862427 0.459143 89.9516 -90.2696 580.976 
-0.706598 -0.196878 -0.679676 0.67825 -0.462271 -0.571212 -0.201736 -0.864607 0.460172 87.7442 -88.1683 580.416 
-0.701416 -0.191635 -0.686507 0.681771 -0.461279 -0.567813 -0.207858 -0.866313 0.454199 88.4892 -88.5608 581.213 
-0.704568 -0.200769 -0.680644 0.679622 -0.466906 -0.565786 -0.204205 -0.861215 0.465414 88.4243 -88.7209 581.308 
-0.703715 -0.191452 -0.684202 0.677666 -0.470166 -0.565432 -0.213436 -0.861563 0.460603 88.8709 -87.8645 582.206 
-0.701607 -0.196575 -0.684914 0.680069 -0.471685 -0.561267 -0.212733 -0.859577 0.464621 88.8277 -88.1162 582.421 
-0.698972 -0.201359 -0.686217 0.681204 -0.479582 -0.553139 -0.217718 -0.854082 0.472381 88.9439 -88.3785 583.23 
-0.700138 -0.195734 -0.686656 0.679093 -0.479597 -0.555716 -0.220546 -0.85538 0.468706 88.8558 -86.8844 583.751 
-0.704884 -0.195744 -0.68178 0.672353 -0.490637 -0.554273 -0.22601 -0.849094 0.477451 89.2541 -86.3059 584.336 
-0.705853 -0.190436 -0.682281 0.672097 -0.484274 -0.560148 -0.223738 -0.85394 0.469818 89.4549 -86.387 584.212 
-0.708668 -0.185005 -0.680856 0.668175 -0.485873 -0.563446 -0.22657 -0.854226 0.467938 89.7358 -85.7287 584.559 
-0.706019 -0.182822 -0.684189 0.668806 -0.489826 -0.559259 -0.232888 -0.852436 0.468099 89.6847 -86.2212 584.932 
-0.702182 -0.189083 -0.686432 0.672427 -0.493043 -0.552043 -0.234059 -0.84921 0.47335 89.0071 -85.9402 584.929 
-0.703546 -0.197004 -0.682799 0.671857 -0.497495 -0.548732 -0.231587 -0.844801 0.482369 88.7239 -86.1755 584.531 
-0.707792 -0.193595 -0.679377 0.666944 -0.500126 -0.552323 -0.232847 -0.844035 0.483102 88.9088 -85.8107 584.383 
-0.706755 -0.191558 -0.681031 0.668275 -0.496695 -0.553808 -0.232178 -0.846523 0.479055 88.7305 -85.5543 584.05 
-0.706568 -0.187482 -0.682358 0.668216 -0.494147 -0.556154 -0.232916 -0.848923 0.474427 88.4448 -85.1387 583.873 
-0.707804 -0.188355 -0.680836 0.666592 -0.497097 -0.555473 -0.233816 -0.847005 0.477403 88.4443 -85.1686 583.487 
-0.70973 -0.183548 -0.680143 0.663218 -0.499632 -0.557235 -0.237542 -0.846569 0.476336 88.5162 -84.7416 583.462 
-0.710626 -0.177881 -0.680713 0.661072 -0.499979 -0.559469 -0.240823 -0.847573 0.47289 89.1445 -85.6653 583.192 
-0.710992 -0.176776 -0.680618 0.660357 -0.500524 -0.559826 -0.241702 -0.847483 0.472604 88.6986 -85.7738 582.607 
-0.716642 -0.184725 -0.672534 0.657006 -0.502371 -0.56211 -0.234026 -0.84469 0.481385 88.4214 -85.9318 581.374 
-0.71605 -0.173934 -0.676032 0.655229 -0.501448 -0.565 -0.240723 -0.847524 0.473029 88.1578 -85.7685 580.856 
-0.715063 -0.176807 -0.676332 0.65756 -0.498507 -0.564896 -0.237279 -0.848664 0.472725 87.734 -86.8352 579.441 
-0.718874 -0.16869 -0.674363 0.652267 -0.499117 -0.570466 -0.240355 -0.849957 0.468832 87.7626 -87.2546 578.708 
-0.718912 -0.157703 -0.676976 0.650439 -0.496101 -0.575164 -0.245143 -0.853823 0.459229 87.4279 -87.5197 578.057 
-0.716756 -0.171121 -0.676002 0.654506 -0.499559 -0.567507 -0.24059 -0.849211 0.470062 86.6716 -89.2613 576.744 
-0.723003 -0.175882 -0.668082 0.648344 -0.506704 -0.568245 -0.238575 -0.843989 0.48038 86.3439 -89.9372 575.808 
-0.727742 -0.175449 -0.663032 0.644409 -0.505871 -0.57344 -0.234799 -0.844579 0.481204 85.7446 -90.4322 574.786 
-0.733754 -0.18649 -0.653321 0.639431 -0.514568 -0.57127 -0.229642 -0.836924 0.496813 85.1269 -91.3897 573.78 
-0.737216 -0.188243 -0.648905 0.634423 -0.523237 -0.568974 -0.232426 -0.831136 0.505165 84.9627 -92.9679 573.257 
-0.740356 -0.191386 -0.644396 0.633647 -0.518732 -0.573942 -0.224424 -0.83324 0.505317 84.2805 -93.1353 572.191 
-0.743068 -0.196084 -0.639846 0.634369 -0.510893 -0.580142 -0.213136 -0.836983 0.504018 83.2621 -93.7968 571.024 
-0.741432 -0.214511 -0.635819 0.63733 -0.521615 -0.567213 -0.209979 -0.825775 0.523455 81.9946 -95.6617 570.446 
-0.741865 -0.231245 -0.629415 0.639816 -0.525034 -0.561227 -0.200683 -0.819064 0.537459 80.9459 -96.9462 569.654 
-0.74624 -0.237653 -0.62181 0.636605 -0.527816 -0.562268 -0.194577 -0.815434 0.545169 80.385 -97.6914 569.276 
-0.749093 -0.258984 -0.609744 0.636921 -0.534685 -0.555378 -0.182187 -0.804388 0.565481 79.0244 -98.6018 568.362 
-0.751028 -0.275883 -0.599872 0.637796 -0.538146 -0.551014 -0.170804 -0.796422 0.580119 78.1007 -99.813 567.743 
-0.756447 -0.283052 -0.589636 0.634311 -0.537316 -0.555825 -0.159493 -0.794465 0.585994 77.4026 -100.236 567.348 
-0.761011 -0.302727 -0.573777 0.632939 -0.540484 -0.554316 -0.142312 -0.785006 0.602922 76.1729 -101.031 566.349 
-0.765354 -0.307293 -0.565513 0.629331 -0.54137 -0.557551 -0.134821 -0.782618 0.607728 75.3764 -101.318 566.052 
-0.76499 -0.316514 -0.560902 0.630669 -0.544706 -0.552768 -0.130568 -0.776605 0.61631 74.271 -101.947 566.2 
-0.766549 -0.331663 -0.549913 0.63216 -0.540439 -0.555248 -0.113039 -0.773257 0.623936 73.0088 -102.085 565.462 
-0.770082 -0.348199 -0.534539 0.630031 -0.54668 -0.551545 -0.100175 -0.761511 0.640365 71.7983 -103.108 565.265 
-0.772054 -0.373204 -0.514444 0.63076 -0.549209 -0.54819 -0.0779505 -0.747722 0.659421 69.7684 -103.842 564.681 
-0.775449 -0.391881 -0.495085 0.628101 -0.558943 -0.541363 -0.0645746 -0.730762 0.679572 67.9256 -104.404 564.835 
-0.771662 -0.403167 -0.491931 0.633502 -0.556139 -0.537946 -0.0567004 -0.726751 0.684558 66.383 -104.964 565.278 
-0.775898 -0.414427 -0.47564 0.629346 -0.560667 -0.538124 -0.0436623 -0.716871 0.695838 65.0737 -104.505 565.601 
-0.777087 -0.423832 -0.465299 0.628578 -0.560241 -0.539463 -0.0320378 -0.711686 0.701767 64.3126 -105.029 565.626 
-0.772031 -0.445566 -0.453256 0.635165 -0.566808 -0.524685 -0.0231274 -0.692965 0.720601 62.9272 -105.869 566.151 
-0.763337 -0.467552 -0.445772 0.64596 -0.560233 -0.518532 -0.00729525 -0.683765 0.729666 61.2143 -106.156 566.116 
-0.758004 -0.482158 -0.439266 0.652248 -0.562292 -0.508332 -0.00189935 -0.671828 0.740706 60.7348 -105.986 566.906 
-0.758819 -0.495455 -0.422752 0.651278 -0.571586 -0.499127 0.0056558 -0.654075 0.756409 60.3583 -105.946 567.356 
-0.756118 -0.498288 -0.424259 0.654377 -0.566896 -0.500421 0.00884266 -0.656002 0.754708 60.2441 -105.297 568.382 
-0.751875 -0.508387 -0.419796 0.659138 -0.565179 -0.496096 0.0149492 -0.649705 0.76004 59.9636 -104.972 569.041 
-0.749449 -0.514084 -0.417187 0.661781 -0.563286 -0.494728 0.0193359 -0.646859 0.762365 60.0038 -104.622 569.666 
-0.748069 -0.516307 -0.416918 0.663158 -0.558122 -0.498721 0.0248015 -0.649559 0.759907 59.0707 -103.446 570.467 
-0.742752 -0.520217 -0.421538 0.668931 -0.549077 -0.501046 0.0291959 -0.654132 0.755817 58.5157 -102.772 571.141 
-0.745631 -0.52699 -0.40782 0.665804 -0.564192 -0.488255 0.0272168 -0.635585 0.771551 58.4982 -102.541 572.538 
-0.744397 -0.535635 -0.39871 0.667327 -0.575796 -0.472371 0.0234426 -0.617701 0.786064 58.6462 -102.662 573.956 
-0.741247 -0.5355 -0.404715 0.670599 -0.564583 -0.48119 0.0291816 -0.628081 0.777601 58.2411 -101.652 574.171 
-0.735108 -0.532326 -0.419818 0.677578 -0.556336 -0.48102 0.0224992 -0.63806 0.769658 58.8587 -101.295 575.275 
-0.738547 -0.535074 -0.410176 0.673694 -0.562068 -0.479809 0.0261866 -0.630694 0.77559 58.9545 -100.594 575.825 
-0.738359 -0.536091 -0.409186 0.673944 -0.564007 -0.477176 0.0250262 -0.628095 0.777735 59.0601 -99.6389 576.669 
-0.734789 -0.535303 -0.416578 0.677922 -0.559163 -0.477241 0.0225337 -0.633079 0.77376 59.2367 -98.7141 577.348 
-0.735732 -0.532234 -0.418839 0.676913 -0.557681 -0.480398 0.0221054 -0.636961 0.77058 59.3833 -98.0442 577.978 
-0.738496 -0.53068 -0.415937 0.673772 -0.557367 -0.485155 0.0256322 -0.638531 0.76917 59.744 -96.7045 578.25 
-0.739754 -0.527025 -0.418341 0.672353 -0.554413 -0.490477 0.0265593 -0.644105 0.764476 60.2771 -95.187 578.625 
-0.740395 -0.529063 -0.414619 0.671569 -0.556094 -0.489648 0.0284871 -0.640978 0.767031 60.1568 -94.734 579.309 
-0.742376 -0.527348 -0.41326 0.669304 -0.555934 -0.492921 0.0301957 -0.642529 0.765667 59.8247 -93.3459 580.291 
-0.738204 -0.532889 -0.413626 0.673929 -0.555679 -0.486869 0.0296032 -0.638162 0.769333 59.4044 -92.5449 581.357 
-0.73382 -0.538691 -0.413909 0.678681 -0.554382 -0.48172 0.0300339 -0.634407 0.772416 59.2695 -92.6048 582.018 
-0.73543 -0.540252 -0.408989 0.676869 -0.557654 -0.480492 0.0315122 -0.630199 0.775794 59.4943 -91.6103 582.459 
-0.738082 -0.540018 -0.404497 0.674101 -0.564683 -0.476154 0.0287194 -0.624112 0.780808 59.9692 -91.6363 582.816 
-0.734542 -0.535735 -0.416459 0.678002 -0.554466 -0.482578 0.0276217 -0.636833 0.770507 60.0122 -91.4159 582.773 
-0.735734 -0.535772 -0.414301 0.676622 -0.55468 -0.484267 0.0296522 -0.636616 0.770611 60.0691 -91.315 582.96 
-0.731345 -0.541436 -0.414708 0.681409 -0.554592 -0.47761 0.0286015 -0.631883 0.774537 60.082 -91.6362 583.329 
-0.731097 -0.552163 -0.400767 0.681574 -0.56445 -0.465677 0.0309171 -0.613606 0.789007 59.2763 -92.1765 583.71 
-0.732529 -0.549995 -0.401133 0.679903 -0.561963 -0.471095 0.0336786 -0.617822 0.785597 59.0522 -91.9779 583.521 
-0.729933 -0.550026 -0.405797 0.682658 -0.556829 -0.473203 0.0343141 -0.622426 0.781927 58.4966 -91.8771 583.348 
-0.726627 -0.551386 -0.409863 0.686355 -0.556091 -0.4687 0.0305137 -0.621881 0.782518 58.2347 -92.1889 583.409 
-0.729939 -0.547787 -0.408803 0.682917 -0.559509 -0.469654 0.0285413 -0.621996 0.7825 58.5465 -92.1406 583.352 
-0.729795 -0.548039 -0.408722 0.683051 -0.559111 -0.469934 0.0290204 -0.622133 0.782374 58.6634 -92.1868 583.067 
-0.729567 -0.550787 -0.405422 0.683179 -0.55951 -0.469273 0.0316316 -0.619341 0.784485 58.1248 -92.1967 582.741 
-0.73192 -0.545453 -0.408381 0.680718 -0.558682 -0.473813 0.0302874 -0.624785 0.78021 58.0501 -92.2345 582.341 
-0.732341 -0.546306 -0.406482 0.680262 -0.560338 -0.472511 0.0303681 -0.622553 0.781989 58.1581 -92.2357 582.288 
-0.735508 -0.536674 -0.413533 0.676902 -0.5561 -0.482241 0.0288401 -0.634613 0.772292 58.4776 -92.5128 582.017 
-0.733192 -0.536426 -0.417946 0.679486 -0.553477 -0.481626 0.0270333 -0.637112 0.770298 58.4225 -92.9116 581.62 
-0.738848 -0.536028 -0.408385 0.673587 -0.569819 -0.470732 0.0196197 -0.622882 0.782071 58.6534 -93.9523 581.855 
-0.74343 -0.528096 -0.410399 0.668617 -0.571919 -0.475248 0.0162613 -0.627713 0.778276 58.9653 -94.2099 581.449 
-0.738866 -0.524236 -0.423385 0.673645 -0.559026 -0.483418 0.0167418 -0.642392 0.766194 58.4516 -94.4724 580.351 
-0.742585 -0.523075 -0.418284 0.669573 -0.565311 -0.481763 0.0155374 -0.637821 0.770028 58.3125 -95.3983 579.375 
-0.744069 -0.508597 -0.433233 0.668103 -0.565619 -0.483441 0.000831833 -0.649157 0.760654 59.2108 -96.4717 578.791 
-0.751121 -0.493795 -0.43816 0.660025 -0.57537 -0.483029 -0.0135873 -0.652009 0.75809 60.7598 -98.0479 578.386 
-0.758734 -0.479106 -0.44134 0.65101 -0.581203 -0.488252 -0.0225837 -0.65777 0.752881 61.6285 -99.3194 577.353 
-0.766601 -0.45275 -0.455346 0.640867 -0.583818 -0.498445 -0.0401685 -0.673924 0.737708 62.7872 -99.5949 576.734 
-0.770045 -0.438184 -0.46371 0.636111 -0.583075 -0.505358 -0.0489382 -0.684119 0.727728 63.6729 -100.696 575.608 
-0.770415 -0.424038 -0.476082 0.635096 -0.57582 -0.514864 -0.055816 -0.699016 0.712925 64.5256 -101.479 573.969 
-0.771953 -0.401627 -0.492732 0.631721 -0.571069 -0.524223 -0.0708419 -0.715944 0.694555 66.0319 -102.184 572.51 
-0.773355 -0.373616 -0.512186 0.627843 -0.563443 -0.53698 -0.0879634 -0.736848 0.670313 67.1342 -102.329 571.49 
-0.771075 -0.343795 -0.535957 0.628626 -0.545 -0.554802 -0.101359 -0.76471 0.636354 69.5006 -102.148 570.337 
-0.770598 -0.325847 -0.547726 0.626894 -0.542376 -0.559315 -0.114822 -0.774372 0.622225 70.9319 -101.845 569.667 
-0.766236 -0.316632 -0.559132 0.630686 -0.537111 -0.560132 -0.12296 -0.781829 0.611249 72.0586 -101.735 568.623 
-0.761201 -0.292299 -0.578909 0.633565 -0.525754 -0.567608 -0.138453 -0.79884 0.585395 73.9899 -101.513 567.895 
-0.759662 -0.271217 -0.591063 0.631088 -0.526841 -0.569357 -0.156978 -0.805531 0.571383 75.9832 -101.258 567.604 
-0.75401 -0.255527 -0.605125 0.633303 -0.527318 -0.56645 -0.17435 -0.810335 0.559428 78.0129 -100.774 567.239 
-0.744505 -0.245931 -0.620671 0.641924 -0.519135 -0.564299 -0.183433 -0.818546 0.544367 79.6061 -100.79 566.735 
-0.736879 -0.23059 -0.635483 0.646581 -0.514804 -0.562948 -0.197339 -0.825715 0.528444 81.3255 -100.343 566.695 
-0.733166 -0.215026 -0.645161 0.647191 -0.511951 -0.564845 -0.208835 -0.831667 0.514508 83.2553 -99.7419 566.47 
-0.728276 -0.197272 -0.656277 0.650164 -0.501552 -0.57073 -0.216568 -0.842336 0.493528 84.3359 -98.7347 566.472 
-0.722912 -0.182323 -0.666451 0.65099 -0.502961 -0.568545 -0.23154 -0.844861 0.482287 85.8692 -98.258 567.449 
-0.715098 -0.190727 -0.672502 0.660574 -0.499059 -0.560877 -0.228644 -0.845319 0.482865 85.564 -97.4546 567.466 
-0.715073 -0.182218 -0.674884 0.659312 -0.496667 -0.564475 -0.232335 -0.848599 0.475291 87.6353 -96.3706 568.39 
-0.704186 -0.181982 -0.686299 0.669795 -0.490975 -0.557063 -0.23558 -0.851955 0.467628 87.596 -95.8299 569.4 
-0.707096 -0.183567 -0.682876 0.668272 -0.489157 -0.560481 -0.231147 -0.85266 0.468554 88.3088 -94.2736 570.319 
-0.711469 -0.187833 -0.677149 0.665896 -0.488042 -0.564268 -0.224489 -0.85237 0.472304 88.7915 -92.8093 570.933 
-0.70448 -0.186655 -0.68474 0.67287 -0.482515 -0.560738 -0.225733 -0.855769 0.465516 88.4487 -92.1624 572.043 
-0.703801 -0.186457 -0.685492 0.675232 -0.475415 -0.563953 -0.22074 -0.859776 0.460499 88.506 -91.1377 572.787 
-0.699718 -0.192498 -0.687998 0.681227 -0.469907 -0.561354 -0.215236 -0.861471 0.459936 88.2936 -90.4951 573.54 
-0.700803 -0.199799 -0.684804 0.680354 -0.475808 -0.557428 -0.214461 -0.856556 0.469382 88.4724 -90.4342 574.599 
-0.702473 -0.19974 -0.683108 0.679424 -0.474016 -0.560083 -0.211933 -0.857563 0.468691 87.9211 -88.8587 575.741 
-0.708896 -0.207297 -0.674163 0.678505 -0.461456 -0.571569 -0.192611 -0.862605 0.467776 86.6904 -86.4702 575.556 
-0.710152 -0.214111 -0.670703 0.678687 -0.461577 -0.571255 -0.187269 -0.860874 0.473104 86.7231 -85.937 576.296 
-0.707207 -0.215354 -0.673411 0.680427 -0.466032 -0.565539 -0.19204 -0.858159 0.476114 86.6721 -86.5356 577.322 
-0.710233 -0.205595 -0.673276 0.675571 -0.467957 -0.569756 -0.197926 -0.859505 0.471252 87.2512 -85.8993 578.593 
-0.70985 -0.209755 -0.672396 0.675329 -0.473897 -0.565114 -0.200111 -0.855234 0.478049 87.0208 -85.4845 579.239 
-0.708199 -0.214223 -0.672729 0.679533 -0.465345 -0.567177 -0.191549 -0.858815 0.475128 86.0398 -84.6929 579.04 
-0.70889 -0.213572 -0.672208 0.679896 -0.460495 -0.57069 -0.187665 -0.861587 0.471647 85.8039 -84.1614 579.413 
-0.709125 -0.201835 -0.675578 0.677673 -0.459662 -0.573996 -0.194685 -0.864855 0.462736 86.8284 -83.4223 580.191 
-0.707535 -0.212418 -0.673999 0.677508 -0.475096 -0.561487 -0.200944 -0.85391 0.480062 86.7774 -84.3343 580.806 
-0.713323 -0.208481 -0.66911 0.671398 -0.477083 -0.567113 -0.200989 -0.853773 0.480288 86.9874 -83.8114 581.197 
-0.71045 -0.210872 -0.671413 0.675462 -0.472092 -0.566464 -0.197517 -0.855957 0.477833 86.5876 -83.604 581.211 
-0.711654 -0.214964 -0.668835 0.673094 -0.481333 -0.561484 -0.201233 -0.84977 0.487233 86.4894 -84.2476 581.804 
-0.720291 -0.208624 -0.661557 0.663865 -0.483889 -0.570208 -0.201161 -0.849899 0.487038 86.5518 -83.6495 581.722 
-0.715273 -0.200966 -0.669327 0.667882 -0.478508 -0.570056 -0.205717 -0.854777 0.476485 86.6345 -84.1677 582.058 
-0.711732 -0.196398 -0.674438 0.670986 -0.47422 -0.569995 -0.207886 -0.858222 0.469297 86.2496 -84.2754 581.91 
-0.715978 -0.191482 -0.67135 0.66428 -0.482646 -0.570777 -0.214731 -0.854627 0.472762 86.6316 -83.9882 582.123 
-0.718201 -0.195705 -0.667748 0.662206 -0.48696 -0.569521 -0.213709 -0.851217 0.479332 86.6459 -84.6358 581.663 
-0.719849 -0.191557 -0.667177 0.661305 -0.481346 -0.575311 -0.210938 -0.855343 0.473174 86.5686 -84.6959 581.147 
-0.721534 -0.19076 -0.665583 0.659471 -0.482185 -0.576712 -0.21092 -0.855049 0.473714 86.1247 -84.8027 580.461 
-0.724806 -0.186198 -0.663316 0.654754 -0.485738 -0.5791 -0.214371 -0.854043 0.473979 86.1842 -85.0142 580.056 
-0.729719 -0.201709 -0.653319 0.658052 -0.466663 -0.590927 -0.185685 -0.861127 0.473267 83.6915 -84.2192 577.15 
-0.725493 -0.200573 -0.658355 0.659422 -0.47645 -0.581514 -0.197038 -0.856018 0.477923 84.4078 -86.3032 577.306 
-0.72468 -0.205213 -0.65782 0.659885 -0.481625 -0.576707 -0.198475 -0.852013 0.484441 84.0565 -87.9027 576.422 
-0.728082 -0.207569 -0.653309 0.656983 -0.483284 -0.578629 -0.195629 -0.850501 0.488239 83.6049 -88.6258 575.339 
-0.729592 -0.213493 -0.649705 0.656426 -0.485109 -0.577732 -0.191836 -0.847992 0.494074 82.8495 -89.7625 574.3 
-0.732904 -0.211588 -0.646593 0.653158 -0.484762 -0.581715 -0.19036 -0.848668 0.493484 82.3712 -90.6833 573.189 
-0.730365 -0.214679 -0.648445 0.657833 -0.476677 -0.583126 -0.183914 -0.852463 0.489371 81.0684 -91.7985 571.768 
-0.727207 -0.220919 -0.649897 0.662769 -0.472371 -0.581037 -0.17863 -0.853265 0.489929 80.2397 -92.9111 570.68 
-0.728597 -0.237816 -0.642333 0.662924 -0.480712 -0.573977 -0.172276 -0.844015 0.507899 78.4674 -93.448 569.556 
-0.730632 -0.262859 -0.630146 0.663055 -0.493361 -0.562988 -0.162903 -0.829157 0.534754 77.215 -95.1043 568.427 
-0.726281 -0.285969 -0.625091 0.669053 -0.50277 -0.54735 -0.157752 -0.815748 0.556481 75.5528 -97.0598 567.849 
-0.728692 -0.306927 -0.612214 0.668382 -0.51355 -0.538083 -0.14925 -0.801288 0.579364 74.1011 -97.6058 567.416 
-0.726563 -0.322461 -0.606734 0.672924 -0.512399 -0.5335 -0.138857 -0.795906 0.589282 72.5032 -98.7802 566.677 
-0.728379 -0.332381 -0.599156 0.673156 -0.510211 -0.5353 -0.127772 -0.793226 0.595371 71.1339 -99.4244 566.51 
-0.729455 -0.351165 -0.587009 0.674751 -0.510272 -0.53323 -0.112283 -0.785051 0.60917 69.3777 -100.187 566.338 
-0.735065 -0.366721 -0.57026 0.669909 -0.522376 -0.527585 -0.104413 -0.769831 0.62965 67.8928 -100.45 567.037 
-0.728997 -0.377908 -0.570745 0.677702 -0.51583 -0.524062 -0.0963601 -0.768834 0.632147 65.7356 -101.078 567.448 
-0.732369 -0.392807 -0.556182 0.676093 -0.51648 -0.525498 -0.0808373 -0.760889 0.643828 63.9342 -101.066 567.666 
-0.727358 -0.412951 -0.548108 0.681936 -0.524426 -0.509845 -0.076901 -0.744614 0.663052 62.0584 -101.724 568.887 
-0.728063 -0.430802 -0.533231 0.682913 -0.523463 -0.509526 -0.0596217 -0.735117 0.675314 60.5266 -101.851 569.305 
-0.727856 -0.446498 -0.520448 0.684122 -0.524779 -0.506543 -0.0469493 -0.724739 0.687422 59.571 -101.997 570.04 
-0.728676 -0.454294 -0.512493 0.683283 -0.532994 -0.499042 -0.0464439 -0.713817 0.698791 58.75 -102.183 571.224 
-0.72721 -0.466757 -0.503293 0.685617 -0.529274 -0.499799 -0.0330957 -0.708525 0.70491 57.7323 -102.376 571.344 
-0.725067 -0.480014 -0.493828 0.688106 -0.534206 -0.491054 -0.0280931 -0.695853 0.717636 56.4818 -103.047 572.286 
-0.724487 -0.492171 -0.482584 0.689007 -0.537132 -0.486579 -0.0197309 -0.685023 0.728254 55.2765 -103.013 572.905 
-0.717904 -0.508596 -0.475337 0.695956 -0.540174 -0.473137 -0.0161291 -0.67048 0.741753 53.4727 -103.694 573.793 
-0.715432 -0.513136 -0.474183 0.698488 -0.541321 -0.468068 -0.0165028 -0.666081 0.745698 52.2557 -103.655 574.761 
-0.713453 -0.525478 -0.463529 0.700663 -0.542149 -0.463838 -0.00756546 -0.655704 0.754981 51.261 -103.56 574.909 
-0.702249 -0.541888 -0.461742 0.711903 -0.528568 -0.462397 0.00650496 -0.653432 0.756958 49.4083 -103.516 574.675 
-0.704983 -0.550085 -0.447668 0.709085 -0.534155 -0.460302 0.0140808 -0.64194 0.766627 49.096 -103.383 575.081 
-0.695846 -0.566865 -0.44098 0.717732 -0.526911 -0.455222 0.0256919 -0.633269 0.773506 47.5063 -103.384 575.109 
-0.687586 -0.578876 -0.438325 0.7257 -0.52775 -0.441408 0.0241946 -0.621598 0.782964 46.3749 -103.252 576.179 
-0.690541 -0.583698 -0.427142 0.722778 -0.534566 -0.437986 0.0273162 -0.611176 0.791024 46.5469 -102.759 577.008 
-0.68892 -0.582289 -0.431659 0.724412 -0.532684 -0.43758 0.0248602 -0.614156 0.788793 46.1205 -102.68 577.938 
-0.692721 -0.579278 -0.429622 0.720862 -0.537731 -0.43727 0.0222797 -0.612604 0.790077 46.4037 -102.376 578.725 
-0.693883 -0.584564 -0.420491 0.7196 -0.541386 -0.434832 0.026539 -0.604307 0.79631 45.7741 -101.478 579.369 
-0.693686 -0.584836 -0.420437 0.71996 -0.545649 -0.428866 0.021405 -0.600196 0.799567 46.1169 -101.374 580.446 
-0.686754 -0.590296 -0.42417 0.726298 -0.533694 -0.433201 0.0293397 -0.605576 0.795247 45.5761 -100.805 580.295 
-0.686239 -0.592024 -0.422593 0.726502 -0.529383 -0.43812 0.035664 -0.60767 0.793389 45.3916 -99.7154 580.671 
-0.684572 -0.594272 -0.422141 0.727685 -0.523088 -0.443682 0.0428508 -0.610918 0.790534 45.2083 -98.8839 580.842 
-0.682928 -0.595579 -0.42296 0.729323 -0.523248 -0.440796 0.0412157 -0.609506 0.79171 45.1022 -98.5822 581.481 
-0.685308 -0.598481 -0.414939 0.726931 -0.527841 -0.439268 0.043872 -0.602665 0.796788 44.7734 -97.9674 581.883 
-0.689484 -0.598225 -0.408338 0.723251 -0.538288 -0.432614 0.0389965 -0.593611 0.803807 44.792 -97.4126 582.851 
-0.690257 -0.59394 -0.413257 0.722101 -0.529137 -0.44563 0.0460076 -0.606012 0.794125 44.6898 -96.0371 582.654 
-0.685016 -0.594216 -0.4215 0.726681 -0.516123 -0.453379 0.0518588 -0.616867 0.785357 44.0643 -95.1861 582.466 
-0.690682 -0.591962 -0.415381 0.721757 -0.528523 -0.446913 0.0450168 -0.608478 0.792293 44.6063 -94.9232 583.254 
-0.684024 -0.601345 -0.412913 0.728251 -0.530366 -0.434009 0.0419939 -0.597576 0.800713 43.7608 -94.7309 584.081 
-0.683278 -0.597818 -0.41922 0.729148 -0.528455 -0.434834 0.0384127 -0.602785 0.796979 43.9677 -94.2317 584.827 
-0.683961 -0.596014 -0.420674 0.728537 -0.528117 -0.436265 0.0378544 -0.604864 0.795429 44.129 -93.6961 585.213 
-0.67963 -0.605866 -0.413559 0.73206 -0.524195 -0.435096 0.0468244 -0.598454 0.799788 43.3922 -93.5368 585.071 
-0.687205 -0.603996 -0.403656 0.725029 -0.535315 -0.433327 0.0456447 -0.590446 0.805786 43.9758 -93.6264 585.711 
-0.680841 -0.604444 -0.413648 0.730869 -0.523796 -0.437572 0.0478206 -0.600239 0.798391 43.6388 -94.0637 585.723 
-0.684625 -0.602537 -0.410171 0.727444 -0.529296 -0.43666 0.0460019 -0.597324 0.80068 44.1266 -93.9877 586.225 
-0.680581 -0.611678 -0.403313 0.731036 -0.530122 -0.429603 0.0489731 -0.587215 0.807949 43.4654 -94.1888 586.443 
-0.683153 -0.608601 -0.403619 0.728843 -0.533592 -0.429033 0.0457419 -0.587269 0.808099 44.0118 -94.2341 586.828 
-0.684123 -0.606095 -0.405741 0.728196 -0.536065 -0.427043 0.0413254 -0.587608 0.80809 44.5664 -94.2338 587.08 
-0.689359 -0.604543 -0.399141 0.723483 -0.546514 -0.421777 0.0368458 -0.579527 0.81412 45.6511 -94.1135 587.674 
-0.694046 -0.600038 -0.397814 0.718611 -0.543945 -0.433271 0.0435902 -0.586583 0.808716 46.5199 -93.7009 587.198 
-0.690747 -0.599483 -0.404339 0.721727 -0.537166 -0.436536 0.0444987 -0.593358 0.803708 46.843 -94.0614 587.039 
-0.687841 -0.60572 -0.399974 0.724412 -0.538028 -0.430992 0.0458629 -0.5862 0.808868 46.1844 -94.3619 586.959 
